4000,nan,nan,nan,-41.213116,798.2719,3.6325269,,,
8000,nan,nan,nan,-85.36718,294.0818,6.8198977,,,
12000,-25.0,-22.0,-29.0,-1.8902409,6.3147554,3.7445707,-17.0,-10.0,-12.5
16000,-25.0,-22.0,-29.0,0.021332497,0.3203346,2.1721578,-17.0,-10.0,-12.5
20000,-18.333333333333332,-7.0,-29.0,-0.00029934655,0.28295135,3.6966767,-17.0,-2.0,-9.166666666666666
24000,-18.333333333333332,-7.0,-29.0,-2.8600505e-05,0.29572845,1.945013,-17.0,-2.0,-9.166666666666666
28000,-16.88888888888889,-3.0,-29.0,0.00017237368,0.32076496,3.2041264,-20.0,-1.0,-8.444444444444445
32000,-16.88888888888889,-3.0,-29.0,-8.0911785e-05,0.3453958,2.9368427,-20.0,-1.0,-8.444444444444445
36000,-16.7,-3.0,-29.0,-0.0006433531,0.3672646,3.396264,-20.0,-1.0,-8.35
40000,-16.666666666666668,-3.0,-29.0,-0.037284207,0.4013569,3.9400842,-20.0,-1.0,-8.333333333333334
44000,-16.666666666666668,-3.0,-29.0,-0.00876296,0.43524966,5.0011225,-20.0,-1.0,-8.333333333333334
48000,-18.466666666666665,-3.0,-29.0,0.000259497,0.4641695,2.7581143,-20.0,-1.0,-9.233333333333333
52000,-18.466666666666665,-3.0,-29.0,-6.300277e-05,0.51043385,3.5104585,-20.0,-1.0,-9.233333333333333
56000,-18.27777777777778,-3.0,-31.0,-0.02087785,0.5484096,3.2765985,-20.0,-1.0,-9.13888888888889
60000,-18.27777777777778,-3.0,-31.0,0.022116505,0.6455935,3.5947642,-20.0,-1.0,-9.13888888888889
64000,-18.523809523809526,-3.0,-31.0,0.040526655,0.7214597,1.926552,-20.0,-1.0,-9.261904761904763
68000,-18.523809523809526,-3.0,-31.0,0.044805765,0.8964677,4.249299,-20.0,-1.0,-9.261904761904763
72000,-18.09090909090909,-3.0,-31.0,0.029624552,1.0958632,1.8282216,-20.0,-1.0,-9.045454545454545
76000,-17.875,-3.0,-31.0,0.073066376,1.7445083,3.810125,-20.0,-1.0,-8.9375
80000,-17.875,-3.0,-31.0,-0.05638052,2.781583,3.4252825,-20.0,-1.0,-8.9375
84000,-17.925925925925927,-3.0,-31.0,-0.03140075,6.3199024,3.01963,-20.0,-1.0,-8.962962962962964
88000,-17.925925925925927,-3.0,-31.0,0.6688981,95.20081,2.3019032,-20.0,-1.0,-8.962962962962964
92000,-17.8,-3.0,-31.0,-30.639734,101.43497,4.568539,-20.0,-1.0,-8.9
96000,-17.8,-3.0,-31.0,0.46236557,3.8903604,1.60725,-20.0,-1.0,-8.9
100000,-17.393939393939394,-3.0,-31.0,-0.0005368805,0.1272554,2.28687,-20.0,-1.0,-8.696969696969697
104000,-17.393939393939394,-3.0,-31.0,-0.13405126,0.24259156,1.5961614,-20.0,-1.0,-8.696969696969697
108000,-17.029411764705884,-3.0,-31.0,6.550894e-05,0.11625828,2.8795526,-20.0,-1.0,-8.514705882352942
112000,-17.305555555555557,-3.0,-31.0,0.00026590397,0.1077512,2.3449373,-20.0,-1.0,-8.652777777777779
116000,-17.305555555555557,-3.0,-31.0,0.04626269,0.27143824,2.3376238,-20.0,-1.0,-8.652777777777779
120000,-16.82051282051282,-3.0,-31.0,0.00022577576,0.120754175,2.131073,-20.0,-1.0,-8.41025641025641
124000,-16.82051282051282,-3.0,-31.0,0.023842297,0.14081773,2.8285947,-20.0,-1.0,-8.41025641025641
128000,-16.80952380952381,-3.0,-31.0,0.0002754528,0.15692788,2.9464898,-20.0,-1.0,-8.404761904761905
132000,-16.80952380952381,-3.0,-31.0,0.021421876,0.22515455,2.2156997,-20.0,-1.0,-8.404761904761905
136000,-16.6,-3.0,-31.0,0.025906604,0.20512338,1.5704656,-20.0,-1.0,-8.3
140000,-16.6,-3.0,-31.0,0.012827512,0.25641826,2.3124168,-20.0,-1.0,-8.3
144000,-16.934782608695652,-3.0,-32.0,0.00077121577,0.2601529,3.074275,-20.0,-1.0,-8.467391304347826
148000,-16.583333333333332,-3.0,-32.0,-0.046343293,0.28770852,3.9405625,-20.0,-1.0,-8.291666666666666
152000,-16.583333333333332,-3.0,-32.0,0.0016551707,0.40467823,1.9326731,-20.0,-1.0,-8.291666666666666
156000,-16.666666666666668,-3.0,-32.0,0.041753527,0.2879331,3.2583642,-20.0,-1.0,-8.333333333333334
160000,-16.666666666666668,-3.0,-32.0,0.0015393385,0.3293293,1.9517341,-20.0,-1.0,-8.333333333333334
164000,-16.51851851851852,-3.0,-32.0,-0.018444372,0.360493,2.0170817,-20.0,-1.0,-8.25925925925926
168000,-16.51851851851852,-3.0,-32.0,0.021089097,0.32303092,1.9882234,-20.0,-1.0,-8.25925925925926
172000,-16.105263157894736,-3.0,-32.0,0.0036430445,0.5441198,1.0915511,-20.0,0.0,-8.052631578947368
176000,-16.105263157894736,-3.0,-32.0,0.11058862,1.0763825,1.2357543,-20.0,0.0,-8.052631578947368
180000,-16.103448275862068,-3.0,-32.0,0.1457212,5.9491405,1.496823,-20.0,0.0,-8.051724137931034
184000,-15.783333333333333,-1.0,-32.0,-10.24026,110.370926,4.1276975,-20.0,0.0,-7.891666666666667
188000,-15.783333333333333,-1.0,-32.0,-2.9096322,55.39911,3.4042418,-20.0,0.0,-7.891666666666667
192000,-15.857142857142858,-1.0,-32.0,0.58281827,263.7865,4.342542,-20.0,0.0,-7.928571428571429
196000,-15.857142857142858,-1.0,-32.0,-25.207232,239.37221,4.6742144,-20.0,0.0,-7.928571428571429
200000,-16.106060606060606,-1.0,-32.0,6.807558,168.61774,3.4217527,-20.0,0.0,-8.053030303030303
204000,-16.106060606060606,-1.0,-32.0,-20.632967,141.45245,5.152215,-20.0,0.0,-8.053030303030303
208000,-16.333333333333332,-1.0,-32.0,0.46456814,5.8178678,1.893899,-20.0,0.0,-8.166666666666666
212000,-16.333333333333332,-1.0,-32.0,0.13913663,9.199636,2.9445066,-20.0,0.0,-8.166666666666666
216000,-16.428571428571427,-1.0,-32.0,-42.789948,2.2680974,3.9687507,-20.0,0.0,-8.214285714285714
220000,-16.36111111111111,-1.0,-32.0,2.3184837e-08,1.0994254e-05,2.278881,-20.0,0.0,-8.180555555555555
224000,-16.36111111111111,-1.0,-32.0,2.4786308e-08,1.165928e-05,4.129499,-20.0,0.0,-8.180555555555555
228000,-16.506666666666668,-1.0,-32.0,1.9560872e-05,0.00163975,2.9033365,-20.0,0.0,-8.253333333333334
232000,-16.506666666666668,-1.0,-32.0,1.1162133e-09,5.1783536e-06,1.9082323,-20.0,0.0,-8.253333333333334
236000,-16.28205128205128,-1.0,-32.0,2.0769944e-07,0.00029130967,2.2228394,-20.0,0.0,-8.14102564102564
240000,-16.28205128205128,-1.0,-32.0,-2.1711004e-09,7.5922053e-06,1.4908509,-20.0,0.0,-8.14102564102564
244000,-16.123456790123456,-1.0,-32.0,-7.097411e-10,5.0889894e-06,2.5486767,-20.0,0.0,-8.061728395061728
248000,-16.123456790123456,-1.0,-32.0,-1.6233724e-05,0.0043803174,2.639773,-20.0,0.0,-8.061728395061728
252000,-16.170731707317074,-1.0,-32.0,-2.436685e-06,0.0005133031,3.6444972,-20.0,0.0,-8.085365853658537
256000,-16.261904761904763,-1.0,-32.0,1.8940297e-07,6.9909336e-05,3.1854587,-20.0,0.0,-8.130952380952381
260000,-16.261904761904763,-1.0,-32.0,9.629656e-08,4.0261224e-05,2.4132345,-20.0,0.0,-8.130952380952381
264000,-16.25287356321839,-1.0,-32.0,0.0,5.0877147e-06,2.048695,-20.0,0.0,-8.126436781609195
268000,-16.25287356321839,-1.0,-32.0,0.0076991594,0.046216875,2.858511,-20.0,0.0,-8.126436781609195
272000,-16.211111111111112,-1.0,-32.0,0.009777184,0.09074347,1.89835,-20.0,0.0,-8.105555555555556
276000,-16.211111111111112,-1.0,-32.0,0.0017825001,0.063270114,4.173553,-20.0,0.0,-8.105555555555556
280000,-16.161290322580644,-1.0,-32.0,1.0199244e-08,4.5276105e-05,2.230698,-20.0,0.0,-8.080645161290322
284000,-16.161290322580644,-1.0,-32.0,0.00024591872,0.038747292,1.6451646,-20.0,0.0,-8.080645161290322
288000,-16.138297872340427,-1.0,-32.0,1.5307356e-07,3.1915057e-05,1.7907915,-20.0,0.0,-8.069148936170214
292000,-16.09375,-1.0,-32.0,-0.00040153772,0.03378415,2.6904457,-20.0,0.0,-8.046875
296000,-16.09375,-1.0,-32.0,9.919061e-05,0.0040896637,4.494444,-20.0,0.0,-8.046875
300000,-16.171717171717173,-1.0,-32.0,-3.0200456e-05,0.014048463,1.2709653,-20.0,0.0,-8.085858585858587
304000,-16.171717171717173,-1.0,-32.0,1.965264e-05,0.004591859,2.2117758,-20.0,0.0,-8.085858585858587
308000,-15.8,-1.0,-32.0,2.9711433e-05,0.0025215899,2.4134436,-20.0,0.0,-7.9
312000,-15.8,-1.0,-32.0,-9.631512e-05,0.007704568,2.7949715,-20.0,0.0,-7.9
316000,-16.01,-1.0,-32.0,-8.005446e-05,0.004139584,4.1429386,-20.0,0.0,-8.005
320000,-16.01,-1.0,-32.0,1.1153264e-05,0.0010196858,3.1409936,-20.0,0.0,-8.005
324000,-16.01,-1.0,-32.0,8.051987e-06,0.0007312793,2.3101773,-20.0,0.0,-8.005
328000,-16.06,-1.0,-32.0,-1.4295549e-05,0.0011571604,1.9416598,-19.0,0.0,-8.03
332000,-16.06,-1.0,-32.0,0.0013287575,0.055693705,3.1865897,-19.0,0.0,-8.03
336000,-16.22,-1.0,-32.0,2.9390253e-07,5.072037e-05,3.6531909,-19.0,0.0,-8.11
340000,-16.22,-1.0,-32.0,-1.6526784e-09,6.8374047e-06,2.2191434,-19.0,0.0,-8.11
344000,-16.2,-1.0,-32.0,1.2179215e-06,0.000120979676,3.2626133,-19.0,0.0,-8.1
348000,-16.2,-1.0,-32.0,2.0484252e-09,6.2706076e-06,2.1630192,-19.0,0.0,-8.1
352000,-16.0,-1.0,-32.0,1.5482374e-07,5.597528e-05,4.0950108,-20.0,0.0,-8.0
356000,-16.0,-1.0,-32.0,-0.00043329078,0.016312862,3.565016,-20.0,0.0,-8.0
360000,-16.22,-1.0,-32.0,5.969931e-07,6.1090344e-05,3.145903,-20.0,0.0,-8.11
364000,-16.24,-1.0,-32.0,-5.930952e-08,1.5538677e-05,1.1681478,-20.0,0.0,-8.12
368000,-16.24,-1.0,-32.0,-0.025540011,0.11996232,2.4967299,-20.0,0.0,-8.12
372000,-16.14,-1.0,-32.0,0.013849921,0.2421739,2.6911025,-20.0,0.0,-8.07
376000,-16.14,-1.0,-32.0,0.036374927,0.0006126923,3.8600879,-20.0,0.0,-8.07
380000,-16.21,-1.0,-34.0,-6.319059e-08,8.509614e-06,3.8105016,-20.0,0.0,-8.105
384000,-16.21,-1.0,-34.0,-0.0009063877,0.03814174,3.1475182,-20.0,0.0,-8.105
388000,-16.33,-1.0,-40.0,9.153921e-05,0.0035155788,3.1111875,-24.0,0.0,-8.165
392000,-16.33,-1.0,-40.0,7.618932e-05,0.0046388377,3.1231012,-24.0,0.0,-8.165
396000,-16.35,-1.0,-40.0,4.037245,5.380225,3.5889535,-24.0,0.0,-8.175
400000,-16.43,-1.0,-40.0,0.14844042,0.24301583,2.3225846,-24.0,0.0,-8.215
404000,-16.43,-1.0,-40.0,1.568348e-05,0.0010338385,1.7597051,-24.0,0.0,-8.215
408000,-16.3,-1.0,-40.0,0.00012425375,0.003947416,1.1601686,-24.0,0.0,-8.15
412000,-16.3,-1.0,-40.0,2.9554936e-05,0.0012111228,2.1974816,-24.0,0.0,-8.15
416000,-16.26,-1.0,-40.0,0.00016775064,0.0051414883,4.2869077,-24.0,0.0,-8.13
420000,-16.26,-1.0,-40.0,0.0016732777,0.016046852,3.2918901,-24.0,0.0,-8.13
424000,-16.42,-1.0,-40.0,9.85129e-06,0.0039059964,2.139079,-24.0,0.0,-8.21
428000,-16.42,-1.0,-40.0,-2.057599e-06,0.00019185693,3.6525679,-24.0,0.0,-8.21
432000,-16.46,-1.0,-40.0,-0.0037568796,0.047709346,2.1882954,-24.0,0.0,-8.23
436000,-16.55,-1.0,-40.0,-0.025961421,0.14497171,2.8574307,-24.0,0.0,-8.275
440000,-16.55,-1.0,-40.0,0.17658012,0.6105374,2.1170082,-24.0,0.0,-8.275
444000,-16.46,-1.0,-40.0,0.013187172,0.28025764,2.7835135,-24.0,0.0,-8.23
448000,-16.46,-1.0,-40.0,0.051427983,0.44403052,4.2748876,-24.0,0.0,-8.23
452000,-16.73,-1.0,-40.0,0.07831142,0.37674266,1.4784986,-24.0,0.0,-8.365
456000,-16.73,-1.0,-40.0,-0.033686772,0.1933293,2.9148538,-24.0,0.0,-8.365
460000,-16.65,-1.0,-40.0,0.0056141783,0.4479924,3.0865235,-24.0,0.0,-8.325
464000,-16.65,-1.0,-40.0,0.008146992,0.38634455,3.0261805,-24.0,0.0,-8.325
468000,-16.79,-1.0,-40.0,4.6967405e-05,0.0052818484,1.7514982,-24.0,0.0,-8.395
472000,-17.02,-1.0,-40.0,-0.007272721,0.058994874,3.926244,-24.0,0.0,-8.51
476000,-17.02,-1.0,-40.0,-0.0011410114,0.19387728,1.8409979,-24.0,0.0,-8.51
480000,-17.15,-1.0,-40.0,-4.9977875,8.915494,4.393158,-24.0,0.0,-8.575
484000,-17.15,-1.0,-40.0,-6.559538,0.114178,3.7901192,-24.0,0.0,-8.575
488000,-17.53,-1.0,-49.0,0.0,1.2783005e-06,3.4969385,-28.0,0.0,-8.765
492000,-17.53,-1.0,-49.0,-0.04378292,0.11337197,3.900449,-28.0,0.0,-8.765
496000,-17.7,-1.0,-49.0,5.2230616e-06,0.00032567815,2.6748717,-28.0,0.0,-8.85
500000,-17.7,-1.0,-49.0,0.0,1.1664497e-06,1.210673,-28.0,0.0,-8.85
