4000,nan,nan,nan,-0.038532075,3.2805886,0.015877359,,,
8000,nan,nan,nan,-0.044306863,3.257422,0.009084532,,,
12000,-14.333333333333334,-7.0,-20.0,-0.046228312,3.2367187,0.0061387243,-12.0,0.0,-7.166666666666667
16000,-14.333333333333334,-7.0,-20.0,-0.051816046,3.2035768,0.006729828,-12.0,0.0,-7.166666666666667
20000,-15.166666666666666,-7.0,-20.0,-0.05513657,3.1907058,0.007737492,-12.0,0.0,-7.583333333333333
24000,-15.166666666666666,-7.0,-20.0,-0.0665801,3.1727407,0.005738736,-12.0,0.0,-7.583333333333333
28000,-15.777777777777779,-7.0,-20.0,-0.07117602,3.1514895,0.007969112,-12.0,0.0,-7.888888888888889
32000,-15.777777777777779,-7.0,-20.0,-0.07212504,3.1335728,0.011559567,-12.0,0.0,-7.888888888888889
36000,-16.3,-7.0,-21.0,-0.0855192,3.1120658,0.011730047,-15.0,0.0,-8.15
40000,-18.833333333333332,-7.0,-37.0,-0.08704107,3.0947175,0.012445034,-24.0,0.0,-9.416666666666666
44000,-18.833333333333332,-7.0,-37.0,-0.09416294,3.0769644,0.011148916,-24.0,0.0,-9.416666666666666
48000,-20.4,-7.0,-37.0,-0.09863262,3.0551894,0.0072225756,-24.0,0.0,-10.2
52000,-20.4,-7.0,-37.0,-0.08854858,3.0461638,0.009427858,-24.0,0.0,-10.2
56000,-19.444444444444443,-7.0,-37.0,-0.09635145,3.0410774,0.007901633,-24.0,0.0,-9.722222222222221
60000,-19.444444444444443,-7.0,-37.0,-0.101377726,3.0179327,0.00989468,-24.0,0.0,-9.722222222222221
64000,-19.904761904761905,-7.0,-37.0,-0.10046463,3.0072327,0.0072208242,-24.0,0.0,-9.952380952380953
68000,-19.904761904761905,-7.0,-37.0,-0.09397436,3.0017395,0.006235404,-24.0,0.0,-9.952380952380953
72000,-19.09090909090909,-2.0,-37.0,-0.09707182,2.996122,0.0044654435,-24.0,0.0,-9.545454545454545
76000,-18.541666666666668,-2.0,-37.0,-0.09077882,2.9850214,0.0052686264,-24.0,0.0,-9.270833333333334
80000,-18.541666666666668,-2.0,-37.0,-0.093991436,2.9655027,0.008266524,-24.0,0.0,-9.270833333333334
84000,-18.185185185185187,-2.0,-37.0,-0.0935688,2.963153,0.00896518,-24.0,0.0,-9.092592592592593
88000,-18.185185185185187,-2.0,-37.0,-0.10374351,2.9375174,0.009613398,-24.0,0.0,-9.092592592592593
92000,-18.5,-2.0,-37.0,-0.1001791,2.9238765,0.009780701,-24.0,0.0,-9.25
96000,-18.5,-2.0,-37.0,-0.10715687,2.9169836,0.008461837,-24.0,0.0,-9.25
100000,-18.363636363636363,-2.0,-37.0,-0.09766391,2.915524,0.008351821,-24.0,0.0,-9.181818181818182
104000,-18.363636363636363,-2.0,-37.0,-0.10811114,2.8939164,0.00961171,-24.0,0.0,-9.181818181818182
108000,-18.323529411764707,-2.0,-37.0,-0.11057078,2.8938508,0.0070841587,-24.0,0.0,-9.161764705882353
112000,-18.666666666666668,-2.0,-37.0,-0.102553,2.868987,0.00753361,-24.0,0.0,-9.333333333333334
116000,-18.666666666666668,-2.0,-37.0,-0.09729956,2.873633,0.0061593396,-24.0,0.0,-9.333333333333334
120000,-18.71794871794872,-2.0,-37.0,-0.09372902,2.8658805,0.0051491484,-24.0,0.0,-9.35897435897436
124000,-18.71794871794872,-2.0,-37.0,-0.08783417,2.8494766,0.00737741,-24.0,0.0,-9.35897435897436
128000,-18.404761904761905,-2.0,-37.0,-0.096499585,2.8282933,0.009335902,-24.0,0.0,-9.202380952380953
132000,-18.404761904761905,-2.0,-37.0,-0.10098481,2.8388789,0.0064632175,-24.0,0.0,-9.202380952380953
136000,-18.377777777777776,-2.0,-37.0,-0.10196473,2.825035,0.008307163,-24.0,0.0,-9.188888888888888
140000,-18.377777777777776,-2.0,-37.0,-0.10582047,2.8158133,0.007522702,-24.0,0.0,-9.188888888888888
144000,-18.41304347826087,-2.0,-37.0,-0.10603888,2.8244758,0.009378793,-24.0,0.0,-9.206521739130435
148000,-18.5625,-2.0,-37.0,-0.10377911,2.8035202,0.0087462645,-24.0,0.0,-9.28125
152000,-18.5625,-2.0,-37.0,-0.10240959,2.7932634,0.009014875,-24.0,0.0,-9.28125
156000,-18.431372549019606,-2.0,-37.0,-0.10834214,2.7994266,0.007969167,-24.0,0.0,-9.215686274509803
160000,-18.431372549019606,-2.0,-37.0,-0.10330186,2.7941651,0.0057332898,-24.0,0.0,-9.215686274509803
164000,-18.24074074074074,-2.0,-37.0,-0.10374539,2.7926483,0.004184391,-24.0,0.0,-9.12037037037037
168000,-18.24074074074074,-2.0,-37.0,-0.102894224,2.7694,0.008590242,-24.0,0.0,-9.12037037037037
172000,-18.19298245614035,-2.0,-37.0,-0.09839514,2.7685487,0.0065011405,-24.0,0.0,-9.096491228070175
176000,-18.19298245614035,-2.0,-37.0,-0.09756503,2.749131,0.0052652718,-24.0,0.0,-9.096491228070175
180000,-18.03448275862069,-2.0,-37.0,-0.10330138,2.7451863,0.008187194,-24.0,0.0,-9.017241379310345
184000,-18.183333333333334,-2.0,-37.0,-0.10047318,2.7410724,0.006003503,-24.0,0.0,-9.091666666666667
188000,-18.183333333333334,-2.0,-37.0,-0.09731913,2.7094386,0.011652634,-24.0,0.0,-9.091666666666667
192000,-18.22222222222222,-2.0,-37.0,-0.0992527,2.69681,0.009245149,-24.0,0.0,-9.11111111111111
196000,-18.22222222222222,-2.0,-37.0,-0.10263508,2.7171443,0.0070579527,-24.0,0.0,-9.11111111111111
200000,-18.439393939393938,-2.0,-37.0,-0.10773454,2.7074294,0.009743867,-24.0,0.0,-9.219696969696969
204000,-18.439393939393938,-2.0,-37.0,-0.108189315,2.7009363,0.011356933,-24.0,0.0,-9.219696969696969
208000,-18.71014492753623,-2.0,-37.0,-0.11274907,2.6798754,0.0077422876,-24.0,0.0,-9.355072463768115
212000,-18.71014492753623,-2.0,-37.0,-0.107057124,2.6784556,0.012187246,-24.0,0.0,-9.355072463768115
216000,-18.814285714285713,-2.0,-37.0,-0.106297605,2.6689413,0.008838838,-24.0,0.0,-9.407142857142857
220000,-18.875,-2.0,-37.0,-0.10994339,2.6679785,0.0067080995,-24.0,0.0,-9.4375
224000,-18.875,-2.0,-37.0,-0.11260451,2.668906,0.008863901,-24.0,0.0,-9.4375
228000,-19.026666666666667,-2.0,-37.0,-0.108469404,2.6539328,0.0071326694,-24.0,0.0,-9.513333333333334
232000,-19.026666666666667,-2.0,-37.0,-0.106611095,2.6482122,0.008281552,-24.0,0.0,-9.513333333333334
236000,-19.012820512820515,-2.0,-37.0,-0.106939316,2.6373892,0.007257934,-24.0,0.0,-9.506410256410257
240000,-19.012820512820515,-2.0,-37.0,-0.10775674,2.6377473,0.0067563048,-24.0,0.0,-9.506410256410257
244000,-19.17283950617284,-2.0,-37.0,-0.10660122,2.6128118,0.009334895,-24.0,0.0,-9.58641975308642
248000,-19.17283950617284,-2.0,-37.0,-0.11416329,2.6086729,0.005462953,-24.0,0.0,-9.58641975308642
252000,-19.097560975609756,-2.0,-37.0,-0.103154294,2.6028829,0.006969199,-24.0,0.0,-9.548780487804878
256000,-19.0,-2.0,-37.0,-0.11439243,2.5993886,0.0066186967,-24.0,0.0,-9.5
260000,-19.0,-2.0,-37.0,-0.10434702,2.6008651,0.006179628,-24.0,0.0,-9.5
264000,-19.0,-2.0,-37.0,-0.10153877,2.5777888,0.0048821336,-24.0,0.0,-9.5
268000,-19.0,-2.0,-37.0,-0.108164154,2.588465,0.0076052817,-24.0,0.0,-9.5
272000,-19.07777777777778,-2.0,-37.0,-0.101970576,2.5745482,0.009645546,-24.0,0.0,-9.53888888888889
276000,-19.07777777777778,-2.0,-37.0,-0.1068099,2.5728145,0.0077039446,-24.0,0.0,-9.53888888888889
280000,-19.182795698924732,-2.0,-37.0,-0.11199466,2.566092,0.009593439,-24.0,0.0,-9.591397849462366
284000,-19.182795698924732,-2.0,-37.0,-0.10818706,2.534316,0.007735479,-24.0,0.0,-9.591397849462366
288000,-19.20212765957447,-2.0,-37.0,-0.106490485,2.5215065,0.008823192,-24.0,0.0,-9.601063829787234
292000,-19.302083333333332,-2.0,-37.0,-0.10655394,2.5392404,0.0063089635,-24.0,0.0,-9.651041666666666
296000,-19.302083333333332,-2.0,-37.0,-0.10393486,2.519912,0.0077711013,-24.0,0.0,-9.651041666666666
300000,-19.272727272727273,-2.0,-37.0,-0.09990501,2.5205464,0.0074455263,-24.0,0.0,-9.636363636363637
304000,-19.272727272727273,-2.0,-37.0,-0.10527908,2.5234213,0.0091195,-24.0,0.0,-9.636363636363637
308000,-19.37,-2.0,-37.0,-0.10852197,2.528269,0.008885026,-24.0,0.0,-9.685
312000,-19.37,-2.0,-37.0,-0.104997166,2.5201678,0.009606372,-24.0,0.0,-9.685
316000,-19.4,-2.0,-37.0,-0.10762017,2.5081177,0.012371254,-24.0,0.0,-9.7
320000,-19.4,-2.0,-37.0,-0.10961283,2.5017405,0.007615767,-24.0,0.0,-9.7
324000,-19.53,-2.0,-37.0,-0.105862804,2.4905512,0.0077398685,-24.0,0.0,-9.765
328000,-19.62,-2.0,-37.0,-0.11098968,2.4968207,0.010130084,-24.0,0.0,-9.81
332000,-19.62,-2.0,-37.0,-0.11102868,2.4879887,0.004911796,-24.0,0.0,-9.81
336000,-19.53,-2.0,-37.0,-0.10407745,2.4939325,0.0064784763,-22.0,0.0,-9.765
340000,-19.53,-2.0,-37.0,-0.10831841,2.471919,0.0076448172,-22.0,0.0,-9.765
344000,-19.19,-2.0,-35.0,-0.108906984,2.47511,0.010500359,-22.0,0.0,-9.595
348000,-19.19,-2.0,-35.0,-0.10227316,2.481228,0.007874217,-22.0,0.0,-9.595
352000,-19.41,-2.0,-35.0,-0.10678784,2.472734,0.00810772,-22.0,0.0,-9.705
356000,-19.41,-2.0,-35.0,-0.101704404,2.4512417,0.009445409,-22.0,0.0,-9.705
360000,-19.43,-2.0,-35.0,-0.10585029,2.444179,0.0075578266,-22.0,0.0,-9.715
364000,-19.3,-2.0,-35.0,-0.10449909,2.4559507,0.008555298,-22.0,0.0,-9.65
368000,-19.3,-2.0,-35.0,-0.10021426,2.463211,0.0082669165,-22.0,0.0,-9.65
372000,-19.53,-8.0,-35.0,-0.09895795,2.4554749,0.008972534,-22.0,-2.0,-9.765
376000,-19.53,-8.0,-35.0,-0.101392664,2.422585,0.0092458045,-22.0,-2.0,-9.765
380000,-19.78,-6.0,-35.0,-0.097606756,2.342274,0.0077082743,-22.0,-2.0,-9.89
384000,-19.78,-6.0,-35.0,-0.09860165,2.376837,0.008392159,-22.0,-2.0,-9.89
388000,-19.66,-6.0,-35.0,-0.098680876,2.4429824,0.009270828,-22.0,-2.0,-9.83
392000,-19.66,-6.0,-35.0,-0.10215168,2.3896446,0.009954923,-22.0,-2.0,-9.83
396000,-19.71,-6.0,-35.0,-0.1017955,2.391674,0.009173781,-22.0,-2.0,-9.855
400000,-19.66,-6.0,-35.0,-0.098347425,2.4151878,0.0077194036,-22.0,-2.0,-9.83
404000,-19.66,-6.0,-35.0,-0.10040342,2.418537,0.00759508,-22.0,-2.0,-9.83
408000,-19.66,-6.0,-35.0,-0.1000316,2.3833835,0.009700658,-22.0,-2.0,-9.83
412000,-19.66,-6.0,-35.0,-0.08727908,2.3706994,0.0054941205,-22.0,-2.0,-9.83
416000,-19.55,-6.0,-35.0,-0.1008081,2.4136,0.0048149764,-22.0,-2.0,-9.775
420000,-19.55,-6.0,-35.0,-0.09691669,2.371434,0.006884234,-22.0,-2.0,-9.775
424000,-19.62,-6.0,-35.0,-0.100848585,2.4042668,0.008192333,-22.0,-2.0,-9.81
428000,-19.62,-6.0,-35.0,-0.089604996,2.3805661,0.0063560884,-22.0,-2.0,-9.81
432000,-19.64,-6.0,-35.0,-0.09565021,2.3727846,0.007861122,-22.0,-2.0,-9.82
436000,-19.42,-6.0,-35.0,-0.10352526,2.3550594,0.00656278,-22.0,-2.0,-9.71
440000,-19.42,-6.0,-35.0,-0.08503601,2.3099387,0.0035169462,-22.0,-2.0,-9.71
444000,-19.14,-5.0,-35.0,-0.0978312,2.3534925,0.0067168656,-22.0,-1.0,-9.57
448000,-19.14,-5.0,-35.0,-0.09201598,2.3106003,0.0061659566,-22.0,-1.0,-9.57
452000,-19.09,-5.0,-35.0,-0.0926018,2.2984889,0.008158282,-22.0,-1.0,-9.545
456000,-19.09,-5.0,-35.0,-0.11067608,2.373725,0.0075915614,-22.0,-1.0,-9.545
460000,-19.08,-5.0,-35.0,-0.09414425,2.291653,0.0073820194,-22.0,-1.0,-9.54
464000,-19.08,-5.0,-35.0,-0.10117542,2.3339674,0.007618576,-22.0,-1.0,-9.54
468000,-19.01,-5.0,-35.0,-0.09418402,2.3151164,0.008406696,-22.0,-1.0,-9.505
472000,-19.01,-5.0,-35.0,-0.09060749,2.285071,0.0060185376,-22.0,-1.0,-9.505
476000,-19.01,-5.0,-35.0,-0.085730195,2.265805,0.0053952346,-22.0,-1.0,-9.505
480000,-18.85,-4.0,-35.0,-0.08963311,2.2949986,0.009639775,-22.0,-1.0,-9.425
484000,-18.85,-4.0,-35.0,-0.08180806,2.265683,0.010751784,-22.0,-1.0,-9.425
488000,-18.76,-4.0,-35.0,-0.09426619,2.3264244,0.0075230193,-22.0,-1.0,-9.38
492000,-18.76,-4.0,-35.0,-0.09569442,2.300026,0.007413177,-22.0,-1.0,-9.38
496000,-18.52,-4.0,-33.0,-0.1000751,2.3039007,0.0053906813,-22.0,-1.0,-9.26
500000,-18.52,-4.0,-33.0,-0.089571364,2.2750854,0.009350766,-22.0,-1.0,-9.26
