nan,nan,nan,-0.06027816,3.275406,4.7068743e-06,,,
nan,nan,nan,-0.067017,3.2285686,1.991105e-07,,,
nan,nan,nan,-0.06292419,3.206277,6.63624e-08,,,
nan,nan,nan,-0.0578333,3.169239,1.73319e-08,,,
nan,nan,nan,-0.05887495,3.137844,2.0753237e-08,,,
nan,nan,nan,-0.020473635,3.138855,0.0016381952,,,
nan,nan,nan,-0.036461357,3.1347053,0.00040634378,,,
0.0,0.0,0.0,-0.045908198,3.1079717,0.0060763345,0.0,0.0,0.0
0.0,0.0,0.0,-0.058014743,3.0806386,0.0007603661,0.0,0.0,0.0
0.0,0.0,0.0,-0.046300817,3.0537376,0.0001847269,0.0,0.0,0.0
0.0,0.0,0.0,-0.059936736,3.0628183,0.00010986642,0.0,0.0,0.0
0.0,0.0,0.0,-0.05795723,3.0389435,4.2928103e-05,0.0,0.0,0.0
0.0,0.0,0.0,-0.06775253,3.0384777,3.3679524e-05,0.0,0.0,0.0
0.0,0.0,0.0,-0.021801835,3.0478568,0.00031053653,0.0,0.0,0.0
0.0,0.0,0.0,-0.045525122,3.034504,0.0010676625,0.0,0.0,0.0
-0.45,0.0,-1.0,-0.06674732,2.9914203,0.009114862,-1.0,0.0,-0.45
-0.45,0.0,-1.0,-0.080029815,2.9643533,0.0011425532,-1.0,0.0,-0.45
-0.45,0.0,-1.0,-0.062062416,2.9609232,0.0017321658,-1.0,0.0,-0.45
-0.45,0.0,-1.0,-0.058324058,2.973369,0.0038611547,-1.0,0.0,-0.45
-0.45,0.0,-1.0,-0.059399795,2.9358695,0.0015877292,-1.0,0.0,-0.45
-0.45,0.0,-1.0,-0.06676174,2.8973346,0.0049126525,-1.0,0.0,-0.45
-0.45,0.0,-1.0,-0.073770635,2.8707128,0.0033676003,-1.0,0.0,-0.45
-0.1,1.0,-1.0,-0.09243996,2.893219,0.0012571499,-1.0,1.0,-0.1
-0.1,1.0,-1.0,-0.06986084,2.9409027,0.0021488478,-1.0,1.0,-0.1
-0.1,1.0,-1.0,-0.07629289,2.9261491,0.0013041116,-1.0,1.0,-0.1
-0.1,1.0,-1.0,-0.075424165,2.9115822,0.0010688535,-1.0,1.0,-0.1
-0.1,1.0,-1.0,-0.07380281,2.9057283,0.0015994087,-1.0,1.0,-0.1
-0.1,1.0,-1.0,-0.080366,2.8894026,0.0007452465,-1.0,1.0,-0.1
-0.1,1.0,-1.0,-0.05569083,2.8704765,0.0019167791,-1.0,1.0,-0.1
-0.1,1.0,-1.0,-0.07054004,2.875031,0.001676449,-1.0,1.0,-0.1
0.025,1.0,-1.0,-0.07493472,2.8478098,0.0018294108,-1.0,1.0,0.025
0.025,1.0,-1.0,-0.06947052,2.8223681,0.0011471477,-1.0,1.0,0.025
0.025,1.0,-1.0,-0.07376222,2.863239,0.00050198915,-1.0,1.0,0.025
0.025,1.0,-1.0,-0.045492396,2.8346052,0.0026633919,-1.0,1.0,0.025
0.025,1.0,-1.0,-0.09983408,2.7951376,0.0002833085,-1.0,1.0,0.025
0.025,1.0,-1.0,-0.090173095,2.8046925,0.00017198893,-1.0,1.0,0.025
0.025,1.0,-1.0,-0.060432076,2.7453163,0.00059561676,-1.0,1.0,0.025
-0.18,1.0,-2.0,-0.05205979,2.7799532,0.00039552027,-2.0,1.0,-0.18
-0.18,1.0,-2.0,-0.048342526,2.75391,0.001665982,-2.0,1.0,-0.18
-0.18,1.0,-2.0,-0.07131037,2.749996,0.00037461414,-2.0,1.0,-0.18
-0.18,1.0,-2.0,-0.05818808,2.7364466,0.001782391,-2.0,1.0,-0.18
-0.18,1.0,-2.0,-0.054518126,2.754421,0.0016364757,-2.0,1.0,-0.18
-0.18,1.0,-2.0,-0.07406096,2.7437196,0.0006712374,-2.0,1.0,-0.18
-0.18,1.0,-2.0,-0.06397687,2.6994944,0.0021279978,-2.0,1.0,-0.18
-0.18,1.0,-2.0,-0.07800403,2.68385,0.0021017443,-2.0,1.0,-0.18
-0.3,1.0,-2.0,-0.06957258,2.668026,0.0041780043,-2.0,1.0,-0.3
-0.3,1.0,-2.0,-0.070231624,2.6744306,0.0061797923,-2.0,1.0,-0.3
-0.3,1.0,-2.0,-0.08072671,2.7136986,0.0018086031,-2.0,1.0,-0.3
-0.3,1.0,-2.0,-0.07397614,2.685501,0.0035345955,-2.0,1.0,-0.3
-0.3,1.0,-2.0,-0.08974776,2.6874797,0.00065342884,-2.0,1.0,-0.3
-0.3,1.0,-2.0,-0.08848573,2.6409135,0.0012140372,-2.0,1.0,-0.3
-0.3,1.0,-2.0,-0.08237327,2.6141942,0.002730914,-2.0,1.0,-0.3
-0.4,1.0,-2.0,-0.08959457,2.62689,0.0031183676,-2.0,1.0,-0.4
-0.4,1.0,-2.0,-0.09744772,2.6289573,0.0026936184,-2.0,1.0,-0.4
-0.4,1.0,-2.0,-0.0853372,2.61741,0.0036017662,-2.0,1.0,-0.4
-0.4,1.0,-2.0,-0.093418814,2.6352465,0.0012890088,-2.0,1.0,-0.4
-0.4,1.0,-2.0,-0.077905096,2.616564,0.0008976282,-2.0,1.0,-0.4
-0.4,1.0,-2.0,-0.09601118,2.6031737,0.000457638,-2.0,1.0,-0.4
-0.4,1.0,-2.0,-0.09772611,2.5825353,0.00031283058,-2.0,1.0,-0.4
-0.4,1.0,-2.0,-0.10051158,2.588216,0.00015122652,-2.0,1.0,-0.4
-0.4375,1.0,-2.0,-0.102377184,2.6201177,0.00011651502,-2.0,1.0,-0.4375
-0.4375,1.0,-2.0,-0.09352846,2.6313846,5.5358476e-05,-2.0,1.0,-0.4375
-0.4375,1.0,-2.0,-0.10242111,2.5565708,5.581327e-05,-2.0,1.0,-0.4375
-0.4375,1.0,-2.0,-0.037454177,2.5276515,0.0014770604,-2.0,1.0,-0.4375
-0.4375,1.0,-2.0,-0.056879744,2.5341547,0.0006414386,-2.0,1.0,-0.4375
-0.4375,1.0,-2.0,-0.046378355,2.51268,0.0012285904,-2.0,1.0,-0.4375
-0.4375,1.0,-2.0,-0.05940902,2.5297003,0.0006050301,-2.0,1.0,-0.4375
-0.4777777777777778,1.0,-2.0,-0.063543215,2.5013165,0.0029676252,-2.0,1.0,-0.4777777777777778
-0.4777777777777778,1.0,-2.0,-0.096004926,2.4847322,0.0003127554,-2.0,1.0,-0.4777777777777778
-0.4777777777777778,1.0,-2.0,-0.07126387,2.5188513,0.00027339568,-2.0,1.0,-0.4777777777777778
-0.4777777777777778,1.0,-2.0,-0.08296908,2.5555203,0.000113935705,-2.0,1.0,-0.4777777777777778
-0.4777777777777778,1.0,-2.0,-0.093674146,2.535816,0.000100270445,-2.0,1.0,-0.4777777777777778
-0.4777777777777778,1.0,-2.0,-0.10655559,2.5524623,5.6465073e-05,-2.0,1.0,-0.4777777777777778
-0.4777777777777778,1.0,-2.0,-0.09901381,2.5621567,3.0739375e-05,-2.0,1.0,-0.4777777777777778
-0.4777777777777778,1.0,-2.0,-0.10336488,2.544623,2.2695602e-05,-2.0,1.0,-0.4777777777777778
-0.45,1.0,-2.0,-0.09985745,2.5289564,2.345602e-05,-2.0,1.0,-0.45
-0.45,1.0,-2.0,-0.09614065,2.5867796,1.6606404e-05,-2.0,1.0,-0.45
-0.45,1.0,-2.0,-0.10214915,2.5646517,7.85541e-06,-2.0,1.0,-0.45
-0.45,1.0,-2.0,-0.018680003,2.6060722,0.0011381173,-2.0,1.0,-0.45
-0.45,1.0,-2.0,-0.08837498,2.5392146,0.00014378091,-2.0,1.0,-0.45
-0.45,1.0,-2.0,-0.04432353,2.5166168,0.0016218621,-2.0,1.0,-0.45
-0.45,1.0,-2.0,-0.07318815,2.5091949,0.00023001066,-2.0,1.0,-0.45
-0.45,1.0,-2.0,-0.04201783,2.520213,0.00045204282,-2.0,1.0,-0.45
-0.45,1.0,-2.0,-0.061356537,2.5375412,0.00037911482,-2.0,1.0,-0.45
-0.45,1.0,-2.0,-0.067461155,2.4924998,0.0016091882,-2.0,1.0,-0.45
-0.45,1.0,-2.0,-0.07390891,2.5273874,0.0027805904,-2.0,1.0,-0.45
-0.45,1.0,-2.0,-0.06964182,2.5117111,0.0011410997,-2.0,1.0,-0.45
-0.45,1.0,-2.0,-0.097078,2.483175,0.0002024532,-2.0,1.0,-0.45
-0.45,1.0,-2.0,-0.09842364,2.5176377,7.670711e-05,-2.0,1.0,-0.45
-0.45,1.0,-2.0,-0.08889674,2.5456917,4.2013435e-05,-2.0,1.0,-0.45
-0.42,1.0,-2.0,-0.10935707,2.5224435,2.0041867e-05,-2.0,1.0,-0.42
-0.42,1.0,-2.0,-0.109215446,2.5040329,1.5528098e-05,-2.0,1.0,-0.42
-0.42,1.0,-2.0,-0.028575717,2.486446,0.001111018,-2.0,1.0,-0.42
-0.42,1.0,-2.0,-0.051950935,2.497893,0.00086323614,-2.0,1.0,-0.42
-0.42,1.0,-2.0,-0.047382902,2.5204976,0.0014461483,-2.0,1.0,-0.42
-0.42,1.0,-2.0,-0.061113413,2.4955153,0.001616777,-2.0,1.0,-0.42
-0.42,1.0,-2.0,-0.07240852,2.4975343,0.00023048092,-2.0,1.0,-0.42
-0.47,1.0,-2.0,-0.047282863,2.4937413,0.0009158233,-2.0,1.0,-0.47
-0.47,1.0,-2.0,-0.05789113,2.5019815,0.007865668,-2.0,1.0,-0.47
-0.47,1.0,-2.0,-0.082480855,2.478003,0.0055521,-2.0,1.0,-0.47
-0.47,1.0,-2.0,-0.0933467,2.451295,0.0024300173,-2.0,1.0,-0.47
-0.47,1.0,-2.0,-0.0795648,2.5285132,0.0044319783,-2.0,1.0,-0.47
-0.47,1.0,-2.0,-0.10045258,2.5250545,0.00059130864,-2.0,1.0,-0.47
-0.47,1.0,-2.0,-0.08565902,2.490298,0.0013155154,-2.0,1.0,-0.47
-0.47,1.0,-2.0,-0.10236643,2.5159698,0.00043924293,-2.0,1.0,-0.47
-0.61,1.0,-3.0,-0.1116628,2.5058854,0.00022918664,-3.0,1.0,-0.61
-0.61,1.0,-3.0,-0.066679195,2.5095322,0.001177406,-3.0,1.0,-0.61
-0.61,1.0,-3.0,-0.07673824,2.5241659,0.000443023,-3.0,1.0,-0.61
-0.61,1.0,-3.0,-0.06143621,2.5099568,0.001145962,-3.0,1.0,-0.61
-0.61,1.0,-3.0,-0.06856898,2.5101013,0.0011906872,-3.0,1.0,-0.61
-0.61,1.0,-3.0,-0.07408139,2.5196157,0.0003204996,-3.0,1.0,-0.61
-0.61,1.0,-3.0,-0.06075682,2.5001037,0.002704496,-3.0,1.0,-0.61
-0.54,2.0,-3.0,-0.073388465,2.5178313,0.003631106,-3.0,2.0,-0.54
-0.54,2.0,-3.0,-0.073843054,2.5272973,0.001575364,-3.0,2.0,-0.54
-0.54,2.0,-3.0,-0.07310125,2.4872572,0.0026595185,-3.0,2.0,-0.54
-0.54,2.0,-3.0,-0.08396969,2.4504938,0.00511504,-3.0,2.0,-0.54
-0.54,2.0,-3.0,-0.089460135,2.4768574,0.0040882947,-3.0,2.0,-0.54
-0.54,2.0,-3.0,-0.08834484,2.5036693,0.003234363,-3.0,2.0,-0.54
-0.54,2.0,-3.0,-0.09864489,2.4737122,0.0019027977,-3.0,2.0,-0.54
-0.54,2.0,-3.0,-0.084835,2.4787402,0.001167538,-3.0,2.0,-0.54
-0.38,2.0,-3.0,-0.06810967,2.4621267,0.002586734,-3.0,2.0,-0.38
-0.38,2.0,-3.0,-0.077615984,2.4273305,0.0015651924,-3.0,2.0,-0.38
-0.38,2.0,-3.0,-0.08235342,2.453542,0.0013297884,-3.0,2.0,-0.38
-0.38,2.0,-3.0,-0.072525986,2.4646032,0.0037376885,-3.0,2.0,-0.38
-0.38,2.0,-3.0,-0.08602147,2.4465845,0.0033582973,-3.0,2.0,-0.38
-0.38,2.0,-3.0,-0.07884288,2.4276254,0.007491167,-3.0,2.0,-0.38
-0.38,2.0,-3.0,-0.0843341,2.4556148,0.004080675,-3.0,2.0,-0.38
-0.36,2.0,-3.0,-0.08139382,2.4479365,0.0027217295,-3.0,2.0,-0.36
-0.36,2.0,-3.0,-0.0823332,2.4520154,0.0026218505,-3.0,2.0,-0.36
-0.36,2.0,-3.0,-0.089374945,2.4389076,0.006477259,-3.0,2.0,-0.36
-0.36,2.0,-3.0,-0.102530845,2.4411619,0.0010946649,-3.0,2.0,-0.36
-0.36,2.0,-3.0,-0.079552956,2.4288056,0.0014616889,-3.0,2.0,-0.36
-0.36,2.0,-3.0,-0.08193049,2.4009979,0.001970183,-3.0,2.0,-0.36
-0.36,2.0,-3.0,-0.08587494,2.4149973,0.001593254,-3.0,2.0,-0.36
-0.36,2.0,-3.0,-0.08509142,2.4777343,0.0015240264,-3.0,2.0,-0.36
-0.3,2.0,-3.0,-0.098608844,2.4250875,0.00080455816,-3.0,2.0,-0.3
-0.3,2.0,-3.0,-0.071286425,2.4176373,0.0022050263,-3.0,2.0,-0.3
-0.3,2.0,-3.0,-0.07619265,2.434287,0.0011279857,-3.0,2.0,-0.3
-0.3,2.0,-3.0,-0.06602354,2.4205642,0.0018955932,-3.0,2.0,-0.3
-0.3,2.0,-3.0,-0.07367643,2.4346533,0.002885589,-3.0,2.0,-0.3
-0.3,2.0,-3.0,-0.08236022,2.44735,0.0011873884,-3.0,2.0,-0.3
-0.3,2.0,-3.0,-0.07449443,2.3825405,0.00029728244,-3.0,2.0,-0.3
-0.21,2.0,-3.0,-0.06412739,2.381922,0.00036544315,-3.0,2.0,-0.21
-0.21,2.0,-3.0,-0.06400793,2.3912134,0.00034599242,-3.0,2.0,-0.21
-0.21,2.0,-3.0,-0.04958284,2.379475,0.00015666468,-3.0,2.0,-0.21
-0.21,2.0,-3.0,-0.049080923,2.3951461,0.00031539056,-3.0,2.0,-0.21
-0.21,2.0,-3.0,-0.060535334,2.3630075,6.4087784e-05,-3.0,2.0,-0.21
-0.21,2.0,-3.0,-0.027012002,2.3824434,0.0003679773,-3.0,2.0,-0.21
-0.21,2.0,-3.0,-0.065130204,2.3554077,6.68494e-05,-3.0,2.0,-0.21
-0.21,2.0,-3.0,-0.07502757,2.371442,1.4874224e-05,-3.0,2.0,-0.21
-0.19,2.0,-3.0,-0.06054632,2.3540368,2.9138731e-05,-3.0,2.0,-0.19
-0.19,2.0,-3.0,-0.05614214,2.4059703,0.00018234052,-3.0,2.0,-0.19
-0.19,2.0,-3.0,-0.03570901,2.3677394,0.0006049469,-3.0,2.0,-0.19
-0.19,2.0,-3.0,-0.072749205,2.3735566,0.00012334195,-3.0,2.0,-0.19
-0.19,2.0,-3.0,-0.04543265,2.3648772,0.001884222,-3.0,2.0,-0.19
-0.19,2.0,-3.0,-0.06003561,2.351622,0.00092299,-3.0,2.0,-0.19
-0.19,2.0,-3.0,-0.05836757,2.3664277,0.0005445545,-3.0,2.0,-0.19
-0.25,2.0,-3.0,-0.04391636,2.3916452,0.0007813603,-3.0,2.0,-0.25
-0.25,2.0,-3.0,-0.059933,2.3722417,0.004397865,-3.0,2.0,-0.25
-0.25,2.0,-3.0,-0.061427847,2.3372393,0.0024359464,-3.0,2.0,-0.25
-0.25,2.0,-3.0,-0.067262575,2.337745,0.0037944242,-3.0,2.0,-0.25
-0.25,2.0,-3.0,-0.07705042,2.3345876,0.0013922268,-3.0,2.0,-0.25
-0.25,2.0,-3.0,-0.067742504,2.3767476,0.0021282441,-3.0,2.0,-0.25
-0.25,2.0,-3.0,-0.070079036,2.3680308,0.003399114,-3.0,2.0,-0.25
-0.25,2.0,-3.0,-0.05829006,2.4247575,0.0015320077,-3.0,2.0,-0.25
-0.39,2.0,-3.0,-0.07796734,2.4010305,0.0007166642,-3.0,2.0,-0.39
-0.39,2.0,-3.0,-0.0547896,2.3932922,0.0023286876,-3.0,2.0,-0.39
-0.39,2.0,-3.0,-0.0741494,2.394528,0.0011836456,-3.0,2.0,-0.39
-0.39,2.0,-3.0,-0.065976255,2.3891094,0.00084691885,-3.0,2.0,-0.39
-0.39,2.0,-3.0,-0.072148286,2.4202719,0.0007161878,-3.0,2.0,-0.39
-0.39,2.0,-3.0,-0.065266535,2.4051986,0.0016278195,-3.0,2.0,-0.39
-0.39,2.0,-3.0,-0.08319138,2.3763678,0.0007574445,-3.0,2.0,-0.39
-0.4,2.0,-3.0,-0.06734682,2.387943,0.0009960335,-3.0,2.0,-0.4
-0.4,2.0,-3.0,-0.07002222,2.4363942,0.0007951846,-3.0,2.0,-0.4
-0.4,2.0,-3.0,-0.057028223,2.4168313,0.0011266873,-3.0,2.0,-0.4
-0.4,2.0,-3.0,-0.076560736,2.3547897,0.00016609974,-3.0,2.0,-0.4
-0.4,2.0,-3.0,-0.058585174,2.3673732,0.0015893064,-3.0,2.0,-0.4
-0.4,2.0,-3.0,-0.073929004,2.4139414,0.0005464712,-3.0,2.0,-0.4
-0.4,2.0,-3.0,-0.07048881,2.4255376,0.0006727825,-3.0,2.0,-0.4
-0.4,2.0,-3.0,-0.06783431,2.3960068,0.00065916043,-3.0,2.0,-0.4
-0.28,2.0,-3.0,-0.060216505,2.4222078,0.0007542082,-3.0,2.0,-0.28
-0.28,2.0,-3.0,-0.07456518,2.4505882,0.0015099513,-3.0,2.0,-0.28
-0.28,2.0,-3.0,-0.07030981,2.4266765,0.0015212084,-3.0,2.0,-0.28
-0.28,2.0,-3.0,-0.074743085,2.3867915,0.00035834635,-3.0,2.0,-0.28
-0.28,2.0,-3.0,-0.061910693,2.361473,0.0014587924,-3.0,2.0,-0.28
-0.28,2.0,-3.0,-0.079678155,2.4361231,0.0011709705,-3.0,2.0,-0.28
-0.28,2.0,-3.0,-0.08317428,2.4465528,0.0010295472,-3.0,2.0,-0.28
-0.22,2.0,-3.0,-0.077051245,2.3522348,0.00043700018,-3.0,2.0,-0.22
-0.22,2.0,-3.0,-0.06458513,2.347875,0.0003149007,-3.0,2.0,-0.22
-0.22,2.0,-3.0,-0.06136218,2.3447099,0.0056684124,-3.0,2.0,-0.22
-0.22,2.0,-3.0,-0.08475814,2.4094453,0.0020656346,-3.0,2.0,-0.22
-0.22,2.0,-3.0,-0.0732626,2.369636,0.003571276,-3.0,2.0,-0.22
-0.22,2.0,-3.0,-0.08761265,2.3449757,0.0015874773,-3.0,2.0,-0.22
-0.22,2.0,-3.0,-0.075283,2.3833349,0.0013530306,-3.0,2.0,-0.22
-0.22,2.0,-3.0,-0.08235459,2.3616397,0.0011156334,-3.0,2.0,-0.22
-0.16,4.0,-3.0,-0.06523524,2.3277516,0.0015088018,-3.0,4.0,-0.16
-0.16,4.0,-3.0,-0.050571345,2.2928665,0.0023725433,-3.0,4.0,-0.16
-0.16,4.0,-3.0,-0.08608745,2.3245032,0.004992423,-3.0,4.0,-0.16
-0.16,4.0,-3.0,-0.088867456,2.3792574,0.005811756,-3.0,4.0,-0.16
-0.16,4.0,-3.0,-0.087589465,2.3980687,0.0029076408,-3.0,4.0,-0.16
-0.16,4.0,-3.0,-0.081622966,2.3886316,0.001891507,-3.0,4.0,-0.16
-0.16,4.0,-3.0,-0.0822732,2.3211062,0.005791738,-3.0,4.0,-0.16
0.11,4.0,-3.0,-0.08195464,2.213968,0.0048278896,-3.0,4.0,0.11
0.11,4.0,-3.0,-0.06849618,2.264065,0.0016649177,-3.0,4.0,0.11
0.11,4.0,-3.0,-0.06950433,2.314307,0.0035494743,-3.0,4.0,0.11
0.11,4.0,-3.0,-0.08686638,2.35344,0.0017149384,-3.0,4.0,0.11
0.11,4.0,-3.0,-0.065722615,2.2557826,0.0009969888,-3.0,4.0,0.11
0.11,4.0,-3.0,-0.06841566,2.3023744,0.002097769,-3.0,4.0,0.11
0.11,4.0,-3.0,-0.08242293,2.303497,0.0005701032,-3.0,4.0,0.11
0.11,4.0,-3.0,-0.07560244,2.3094225,0.0012637705,-3.0,4.0,0.11
0.09,4.0,-3.0,-0.07099651,2.3042984,0.0009634382,-3.0,4.0,0.09
0.09,4.0,-3.0,-0.093064025,2.3003998,0.0003905786,-3.0,4.0,0.09
0.09,4.0,-3.0,-0.09892557,2.3504853,0.00020658986,-3.0,4.0,0.09
0.09,4.0,-3.0,-0.05401194,2.3380177,0.0020432104,-3.0,4.0,0.09
0.09,4.0,-3.0,-0.0706934,2.3586447,0.0012020913,-3.0,4.0,0.09
0.09,4.0,-3.0,-0.07399576,2.3550673,0.00077076146,-3.0,4.0,0.09
0.09,4.0,-3.0,-0.06923451,2.380889,0.0014494787,-3.0,4.0,0.09
-0.07,4.0,-3.0,-0.087795325,2.3741913,0.00031037064,-3.0,4.0,-0.07
-0.07,4.0,-3.0,-0.061234083,2.3310654,0.0012653022,-3.0,4.0,-0.07
-0.07,4.0,-3.0,-0.064929135,2.321367,0.003299467,-3.0,4.0,-0.07
-0.07,4.0,-3.0,-0.060073648,2.329692,0.0022228158,-3.0,4.0,-0.07
-0.07,4.0,-3.0,-0.0971591,2.3172646,0.0006130684,-3.0,4.0,-0.07
-0.07,4.0,-3.0,-0.07205753,2.3338685,0.0015306309,-3.0,4.0,-0.07
-0.07,4.0,-3.0,-0.067124434,2.336781,0.0016678646,-3.0,4.0,-0.07
-0.07,4.0,-3.0,-0.08310005,2.3445778,0.0006789187,-3.0,4.0,-0.07
-0.13,4.0,-3.0,-0.070105486,2.3503811,0.0006453131,-3.0,4.0,-0.13
-0.13,4.0,-3.0,-0.068424836,2.3142104,0.0021308959,-3.0,4.0,-0.13
-0.13,4.0,-3.0,-0.09770288,2.3394291,0.00039548622,-3.0,4.0,-0.13
-0.13,4.0,-3.0,-0.0712251,2.3403172,0.0018868771,-3.0,4.0,-0.13
-0.13,4.0,-3.0,-0.07232238,2.2666624,0.0017179871,-3.0,4.0,-0.13
-0.13,4.0,-3.0,-0.07818613,2.2969356,0.00058541785,-3.0,4.0,-0.13
-0.13,4.0,-3.0,-0.065813445,2.3240366,0.0035576953,-3.0,4.0,-0.13
-0.02,4.0,-3.0,-0.09304479,2.3598654,0.00084074296,-3.0,4.0,-0.02
-0.02,4.0,-3.0,-0.07600854,2.3372886,0.0032546674,-3.0,4.0,-0.02
-0.02,4.0,-3.0,-0.08076564,2.3573787,0.0030522228,-3.0,4.0,-0.02
-0.02,4.0,-3.0,-0.08473392,2.3376367,0.0021543591,-3.0,4.0,-0.02
-0.02,4.0,-3.0,-0.077957585,2.3033345,0.0011731819,-3.0,4.0,-0.02
-0.02,4.0,-3.0,-0.09156822,2.2980413,0.0010937306,-3.0,4.0,-0.02
-0.02,4.0,-3.0,-0.074399486,2.3292582,0.0034703647,-3.0,4.0,-0.02
-0.02,4.0,-3.0,-0.08516909,2.329711,0.002730003,-3.0,4.0,-0.02
0.19,4.0,-3.0,-0.08583357,2.3295472,0.0026895718,-3.0,4.0,0.19
0.19,4.0,-3.0,-0.0855748,2.3098743,0.0030287006,-3.0,4.0,0.19
0.19,4.0,-3.0,-0.08470166,2.2197342,0.0015513274,-3.0,4.0,0.19
0.19,4.0,-3.0,-0.08806936,2.2189991,0.0012203244,-3.0,4.0,0.19
0.19,4.0,-3.0,-0.063202254,2.218102,0.0032080724,-3.0,4.0,0.19
0.19,4.0,-3.0,-0.093527384,2.2752042,0.0011258513,-3.0,4.0,0.19
0.19,4.0,-3.0,-0.11514686,2.3114216,0.0006889419,-3.0,4.0,0.19
0.25,4.0,-3.0,-0.07992089,2.2816458,0.0020797206,-3.0,4.0,0.25
0.25,4.0,-3.0,-0.07287253,2.1967819,0.0023676464,-3.0,4.0,0.25
0.25,4.0,-3.0,-0.06809338,2.2113388,0.0014118721,-3.0,4.0,0.25
0.25,4.0,-3.0,-0.076391764,2.1686542,0.001782705,-3.0,4.0,0.25
0.25,4.0,-3.0,-0.07875471,2.194436,0.000967898,-3.0,4.0,0.25
0.25,4.0,-3.0,-0.061036404,2.1707454,0.00040957864,-3.0,4.0,0.25
0.25,4.0,-3.0,-0.08714868,2.1786418,0.0006204985,-3.0,4.0,0.25
0.25,4.0,-3.0,-0.08141745,2.2279532,0.0016785378,-3.0,4.0,0.25
0.31,4.0,-3.0,-0.08115608,2.1971583,0.00232415,-3.0,4.0,0.31
0.31,4.0,-3.0,-0.07122912,2.164035,0.00074902544,-3.0,4.0,0.31
0.31,4.0,-3.0,-0.077280805,2.21549,0.0024849516,-3.0,4.0,0.31
0.31,4.0,-3.0,-0.082827166,2.1808372,0.0011441171,-3.0,4.0,0.31
0.31,4.0,-3.0,-0.082084276,2.198012,0.00065964053,-3.0,4.0,0.31
0.31,4.0,-3.0,-0.073326975,2.1755195,0.003527105,-3.0,4.0,0.31
0.31,4.0,-3.0,-0.071790054,2.1375718,0.004909198,-3.0,4.0,0.31
0.22,4.0,-3.0,-0.07804894,2.1384976,0.00097167946,-3.0,4.0,0.22
0.22,4.0,-3.0,-0.076456055,2.111918,0.0021309268,-3.0,4.0,0.22
0.22,4.0,-3.0,-0.07735872,2.1568997,0.0032491717,-3.0,4.0,0.22
0.22,4.0,-3.0,-0.08324729,2.1689239,0.0023115014,-3.0,4.0,0.22
0.22,4.0,-3.0,-0.081324056,2.1862376,0.0036733465,-3.0,4.0,0.22
0.22,4.0,-3.0,-0.084414765,2.2154047,0.0027089505,-3.0,4.0,0.22
0.22,4.0,-3.0,-0.094595,2.227795,0.0023106236,-3.0,4.0,0.22
0.22,4.0,-3.0,-0.081639245,2.205558,0.004613887,-3.0,4.0,0.22
0.06,3.0,-3.0,-0.10747326,2.221336,0.0005815116,-3.0,3.0,0.06
0.06,3.0,-3.0,-0.084917344,2.2126148,0.002810646,-3.0,3.0,0.06
0.06,3.0,-3.0,-0.093099244,2.2210402,0.0035747075,-3.0,3.0,0.06
0.06,3.0,-3.0,-0.07667403,2.16081,0.001635551,-3.0,3.0,0.06
0.06,3.0,-3.0,-0.09005214,2.104276,0.0018321959,-3.0,3.0,0.06
0.06,3.0,-3.0,-0.06710838,2.1157773,0.0036451416,-3.0,3.0,0.06
0.06,3.0,-3.0,-0.07553553,2.115147,0.0017775737,-3.0,3.0,0.06
-0.03,2.0,-3.0,-0.078454144,2.1065059,0.004119039,-3.0,2.0,-0.03
-0.03,2.0,-3.0,-0.076331,2.0368857,0.0010699964,-3.0,2.0,-0.03
-0.03,2.0,-3.0,-0.06929553,2.0809875,0.0018727265,-3.0,2.0,-0.03
-0.03,2.0,-3.0,-0.0685993,2.025404,0.0041384967,-3.0,2.0,-0.03
-0.03,2.0,-3.0,-0.062552884,2.0203862,0.0027802025,-3.0,2.0,-0.03
-0.03,2.0,-3.0,-0.07121668,2.031224,0.0011720109,-3.0,2.0,-0.03
-0.03,2.0,-3.0,-0.052342292,2.0162148,0.0017326418,-3.0,2.0,-0.03
-0.03,2.0,-3.0,-0.052003074,2.0042691,0.0022756571,-3.0,2.0,-0.03
-0.15,2.0,-3.0,-0.059304517,1.9758332,0.0013000921,-3.0,2.0,-0.15
-0.15,2.0,-3.0,-0.054054596,2.0031495,0.00050458446,-3.0,2.0,-0.15
-0.15,2.0,-3.0,-0.061238836,2.0701087,0.0010561883,-3.0,2.0,-0.15
-0.15,2.0,-3.0,-0.084462546,2.079524,0.0010122827,-3.0,2.0,-0.15
-0.15,2.0,-3.0,-0.078053795,2.089408,0.00035919368,-3.0,2.0,-0.15
-0.15,2.0,-3.0,-0.07265067,2.0661385,0.0004800816,-3.0,2.0,-0.15
-0.15,2.0,-3.0,-0.06274656,2.0524395,0.00058699393,-3.0,2.0,-0.15
0.05,2.0,-3.0,-0.070920974,2.0441368,0.0017242458,-3.0,2.0,0.05
0.05,2.0,-3.0,-0.09999903,2.11417,0.000374248,-3.0,2.0,0.05
0.05,2.0,-3.0,-0.061619174,2.1595862,0.00087044487,-3.0,2.0,0.05
0.05,2.0,-3.0,-0.07762066,2.193193,0.002941364,-3.0,2.0,0.05
0.05,2.0,-3.0,-0.09728139,2.1962023,0.0005992497,-3.0,2.0,0.05
0.05,2.0,-3.0,-0.072415546,2.1462913,0.0009173953,-3.0,2.0,0.05
0.05,2.0,-3.0,-0.0741092,2.115445,0.0006676856,-3.0,2.0,0.05
0.05,2.0,-3.0,-0.08399049,2.1546533,0.00020688058,-3.0,2.0,0.05
0.09,3.0,-3.0,-0.06798112,2.1077843,0.003007216,-3.0,3.0,0.09
0.09,3.0,-3.0,-0.07054008,2.123622,0.002005482,-3.0,3.0,0.09
0.09,3.0,-3.0,-0.083456196,2.1603801,0.00051186513,-3.0,3.0,0.09
0.09,3.0,-3.0,-0.07975375,2.2377012,0.0036550448,-3.0,3.0,0.09
0.09,3.0,-3.0,-0.100711115,2.271207,0.0009130573,-3.0,3.0,0.09
0.09,3.0,-3.0,-0.0706546,2.1764424,0.002688065,-3.0,3.0,0.09
0.09,3.0,-3.0,-0.06543175,2.0465975,0.0021485349,-3.0,3.0,0.09
0.17,3.0,-3.0,-0.07337887,2.1007075,0.001344874,-3.0,3.0,0.17
0.17,3.0,-3.0,-0.0724819,2.1594238,0.0029677122,-3.0,3.0,0.17
0.17,3.0,-3.0,-0.07594097,2.2139256,0.00092221814,-3.0,3.0,0.17
0.17,3.0,-3.0,-0.078322455,2.1107066,0.001250515,-3.0,3.0,0.17
0.17,3.0,-3.0,-0.05326868,2.1103902,0.0009744109,-3.0,3.0,0.17
0.17,3.0,-3.0,-0.088940606,2.166464,0.0012654363,-3.0,3.0,0.17
0.17,3.0,-3.0,-0.07750446,2.1264882,0.0013661687,-3.0,3.0,0.17
0.17,3.0,-3.0,-0.07239506,2.032021,0.0010136174,-3.0,3.0,0.17
0.16,3.0,-3.0,-0.062844284,2.0580359,0.0011286499,-3.0,3.0,0.16
0.16,3.0,-3.0,-0.062887825,2.13009,0.0015349002,-3.0,3.0,0.16
0.16,3.0,-3.0,-0.08491148,2.1234863,0.0001859987,-3.0,3.0,0.16
0.16,3.0,-3.0,-0.08346008,2.0656278,0.00044733385,-3.0,3.0,0.16
0.16,3.0,-3.0,-0.089196995,2.141904,0.0001938631,-3.0,3.0,0.16
0.16,3.0,-3.0,-0.05808296,2.1124413,0.001712295,-3.0,3.0,0.16
0.16,3.0,-3.0,-0.0741092,1.9775467,0.00034704167,-3.0,3.0,0.16
0.11,3.0,-3.0,-0.061424054,2.0448556,0.0005182346,-3.0,3.0,0.11
0.11,3.0,-3.0,-0.07695724,2.124367,0.00037473787,-3.0,3.0,0.11
0.11,3.0,-3.0,-0.06116999,2.0581274,0.0017221036,-3.0,3.0,0.11
0.11,3.0,-3.0,-0.061407186,2.1363857,0.0006897018,-3.0,3.0,0.11
0.11,3.0,-3.0,-0.07979372,2.1768942,0.0007224575,-3.0,3.0,0.11
0.11,3.0,-3.0,-0.09337737,2.2088606,0.00030036617,-3.0,3.0,0.11
0.11,3.0,-3.0,-0.08761497,2.156988,0.000266353,-3.0,3.0,0.11
0.11,3.0,-3.0,-0.06158922,2.0786278,0.0013172865,-3.0,3.0,0.11
0.12,3.0,-3.0,-0.061431807,2.1285682,0.0014789829,-3.0,3.0,0.12
0.12,3.0,-3.0,-0.07939525,2.018559,0.0020515563,-3.0,3.0,0.12
0.12,3.0,-3.0,-0.0749142,2.1109004,0.00029330348,-3.0,3.0,0.12
0.12,3.0,-3.0,-0.067098945,2.0588515,0.0006529691,-3.0,3.0,0.12
0.12,3.0,-3.0,-0.075399846,2.1962702,0.001098033,-3.0,3.0,0.12
0.12,3.0,-3.0,-0.08672941,2.1383142,0.0006163433,-3.0,3.0,0.12
0.12,3.0,-3.0,-0.05686055,2.0495164,0.001352729,-3.0,3.0,0.12
0.34,3.0,-3.0,-0.0722425,2.031243,0.00019613646,-3.0,3.0,0.34
0.34,3.0,-3.0,-0.056719325,2.0766394,0.0030320522,-3.0,3.0,0.34
0.34,3.0,-3.0,-0.07452384,2.0854313,0.00089946017,-3.0,3.0,0.34
0.34,3.0,-3.0,-0.06602346,2.1059363,0.00078845356,-3.0,3.0,0.34
0.34,3.0,-3.0,-0.07465527,2.1693645,0.0014933668,-3.0,3.0,0.34
0.34,3.0,-3.0,-0.087301046,2.0321527,0.00039446523,-3.0,3.0,0.34
0.34,3.0,-3.0,-0.05029138,2.0802152,0.0006994981,-3.0,3.0,0.34
0.34,3.0,-3.0,-0.085381314,2.0716822,0.00014343533,-3.0,3.0,0.34
0.47,3.0,-3.0,-0.07836468,2.0540166,9.635098e-05,-3.0,3.0,0.47
0.47,3.0,-3.0,-0.055282827,1.988316,0.002609041,-3.0,3.0,0.47
0.47,3.0,-3.0,-0.05187487,1.9828922,0.00058320456,-3.0,3.0,0.47
0.47,3.0,-3.0,-0.047115702,1.954099,0.000552884,-3.0,3.0,0.47
0.47,3.0,-3.0,-0.08040424,2.1014278,0.0010942661,-3.0,3.0,0.47
0.47,3.0,-3.0,-0.090148136,2.1026638,0.00032531086,-3.0,3.0,0.47
0.47,3.0,-3.0,-0.08572587,2.1188586,0.00024567972,-3.0,3.0,0.47
0.35,3.0,-3.0,-0.05686609,2.0103307,0.0015843213,-3.0,3.0,0.35
0.35,3.0,-3.0,-0.05391761,2.0871148,0.00040644762,-3.0,3.0,0.35
0.35,3.0,-3.0,-0.07270438,1.9277184,0.00024026688,-3.0,3.0,0.35
0.35,3.0,-3.0,-0.048591215,1.9873761,0.00049553695,-3.0,3.0,0.35
0.35,3.0,-3.0,-0.075486794,1.9839009,0.00011468436,-3.0,3.0,0.35
0.35,3.0,-3.0,-0.052232563,2.0364637,0.0022382692,-3.0,3.0,0.35
0.35,3.0,-3.0,-0.08341163,2.1436982,0.0016153887,-3.0,3.0,0.35
0.35,3.0,-3.0,-0.07185761,2.1929693,0.0010764454,-3.0,3.0,0.35
0.47,3.0,-2.0,-0.08021903,2.1097214,0.002440415,-2.0,3.0,0.47
0.47,3.0,-2.0,-0.106394574,2.1366355,0.00020932304,-2.0,3.0,0.47
0.47,3.0,-2.0,-0.06342308,2.150493,0.0021413043,-2.0,3.0,0.47
0.47,3.0,-2.0,-0.07878368,2.129842,0.00091162074,-2.0,3.0,0.47
0.47,3.0,-2.0,-0.06804693,2.153231,0.0018195139,-2.0,3.0,0.47
0.47,3.0,-2.0,-0.06673859,2.168298,0.002168872,-2.0,3.0,0.47
0.47,3.0,-2.0,-0.09003905,2.1959329,0.00029427154,-2.0,3.0,0.47
0.36,3.0,-2.0,-0.07460692,2.2807796,0.0012145675,-2.0,3.0,0.36
0.36,3.0,-2.0,-0.0786561,2.1748073,0.0015729158,-2.0,3.0,0.36
0.36,3.0,-2.0,-0.07281331,2.1588395,0.0031994476,-2.0,3.0,0.36
0.36,3.0,-2.0,-0.09331392,2.1412344,0.001028688,-2.0,3.0,0.36
0.36,3.0,-2.0,-0.09119789,2.128939,0.0018998205,-2.0,3.0,0.36
0.36,3.0,-2.0,-0.078408614,2.1310234,0.0015657976,-2.0,3.0,0.36
0.36,3.0,-2.0,-0.075684085,2.1313107,0.0013217583,-2.0,3.0,0.36
0.36,3.0,-2.0,-0.07631407,2.0089767,0.00077177334,-2.0,3.0,0.36
0.37,3.0,-2.0,-0.07359488,1.9848071,0.00057856936,-2.0,3.0,0.37
0.37,3.0,-2.0,-0.06541813,2.0747392,0.0018294803,-2.0,3.0,0.37
0.37,3.0,-2.0,-0.082215495,2.0973904,0.0014405459,-2.0,3.0,0.37
0.37,3.0,-2.0,-0.07919202,1.9902759,0.0005674438,-2.0,3.0,0.37
0.37,3.0,-2.0,-0.068441905,1.9633461,0.0037676652,-2.0,3.0,0.37
0.37,3.0,-2.0,-0.07846788,1.9906425,0.0022712587,-2.0,3.0,0.37
0.37,3.0,-2.0,-0.085310504,2.0237794,0.0011340074,-2.0,3.0,0.37
0.34,3.0,-2.0,-0.071779154,1.9635462,0.0012088256,-2.0,3.0,0.34
0.34,3.0,-2.0,-0.050188,1.9197131,0.0015953389,-2.0,3.0,0.34
0.34,3.0,-2.0,-0.06916976,1.9545463,0.0014324683,-2.0,3.0,0.34
0.34,3.0,-2.0,-0.07065061,1.8844227,0.0026822786,-2.0,3.0,0.34
0.34,3.0,-2.0,-0.07183183,1.9481094,0.0011223294,-2.0,3.0,0.34
0.34,3.0,-2.0,-0.07009447,1.9995109,0.0010050859,-2.0,3.0,0.34
0.34,3.0,-2.0,-0.072651625,1.9762688,0.0027208014,-2.0,3.0,0.34
0.34,3.0,-2.0,-0.07849232,1.9054705,0.0022574207,-2.0,3.0,0.34
0.28,3.0,-3.0,-0.0722459,1.8513457,0.00086546404,-3.0,3.0,0.28
0.28,3.0,-3.0,-0.06337531,1.9252583,0.001699005,-3.0,3.0,0.28
0.28,3.0,-3.0,-0.06580838,1.8988937,0.0021919177,-3.0,3.0,0.28
0.28,3.0,-3.0,-0.07159005,1.8688875,0.0013014326,-3.0,3.0,0.28
0.28,3.0,-3.0,-0.07152743,1.7822945,0.000979845,-3.0,3.0,0.28
0.28,3.0,-3.0,-0.07348894,1.8036349,0.0017396901,-3.0,3.0,0.28
0.28,3.0,-3.0,-0.092278354,1.8626232,0.00029409176,-3.0,3.0,0.28
0.27,3.0,-3.0,-0.06443198,1.857984,0.0004807319,-3.0,3.0,0.27
0.27,3.0,-3.0,-0.07528118,1.8566498,0.00055700005,-3.0,3.0,0.27
0.27,3.0,-3.0,-0.089001864,1.9120926,0.0003292077,-3.0,3.0,0.27
0.27,3.0,-3.0,-0.062218063,1.9136437,0.0010069218,-3.0,3.0,0.27
0.27,3.0,-3.0,-0.060784694,1.8195628,0.00060418324,-3.0,3.0,0.27
0.27,3.0,-3.0,-0.072914585,1.8306361,0.00012209463,-3.0,3.0,0.27
0.27,3.0,-3.0,-0.06611465,1.9050007,0.0028390205,-3.0,3.0,0.27
0.27,3.0,-3.0,-0.06766915,1.8641288,0.0016315596,-3.0,3.0,0.27
0.24,3.0,-3.0,-0.07026646,1.8602097,0.0014342488,-3.0,3.0,0.24
0.24,3.0,-3.0,-0.07476248,1.886598,0.0014711063,-3.0,3.0,0.24
0.24,3.0,-3.0,-0.051262815,1.778251,0.0012159516,-3.0,3.0,0.24
0.24,3.0,-3.0,-0.06921628,1.791689,0.0003709019,-3.0,3.0,0.24
0.24,3.0,-3.0,-0.0670673,1.8869213,0.00077902,-3.0,3.0,0.24
0.24,3.0,-3.0,-0.07165205,1.8968284,0.0006348414,-3.0,3.0,0.24
0.24,3.0,-3.0,-0.05482727,1.8141875,0.0014606438,-3.0,3.0,0.24
0.17,3.0,-3.0,-0.072644725,1.7906061,0.0004291088,-3.0,3.0,0.17
0.17,3.0,-3.0,-0.05878531,1.789717,0.0035286301,-3.0,3.0,0.17
0.17,3.0,-3.0,-0.07572414,1.7729068,0.001000716,-3.0,3.0,0.17
0.17,3.0,-3.0,-0.077346906,1.8613142,0.0018595803,-3.0,3.0,0.17
0.17,3.0,-3.0,-0.0815033,1.9118762,0.001259316,-3.0,3.0,0.17
0.17,3.0,-3.0,-0.08646087,2.0442228,0.0010250182,-3.0,3.0,0.17
0.17,3.0,-3.0,-0.07969128,1.9585394,0.0008325029,-3.0,3.0,0.17
0.17,3.0,-3.0,-0.07499372,1.9280945,0.0019640666,-3.0,3.0,0.17
0.15,3.0,-3.0,-0.09620992,1.9594777,0.00035511932,-3.0,3.0,0.15
0.15,3.0,-3.0,-0.08818719,2.034304,0.0005562371,-3.0,3.0,0.15
0.15,3.0,-3.0,-0.10564054,1.9742008,0.0002876845,-3.0,3.0,0.15
0.15,3.0,-3.0,-0.06474442,1.9819939,0.0008278226,-3.0,3.0,0.15
0.15,3.0,-3.0,-0.07188788,1.8927549,0.0020281272,-3.0,3.0,0.15
0.15,3.0,-3.0,-0.06659227,1.9086821,0.0006392013,-3.0,3.0,0.15
0.15,3.0,-3.0,-0.07670183,1.9285368,0.0008648819,-3.0,3.0,0.15
0.23,3.0,-3.0,-0.059328374,1.8749692,0.00081017154,-3.0,3.0,0.23
0.23,3.0,-3.0,-0.06150253,1.825468,0.0011875109,-3.0,3.0,0.23
0.23,3.0,-3.0,-0.0682795,1.8851951,0.0030471573,-3.0,3.0,0.23
0.23,3.0,-3.0,-0.071067825,1.8904996,0.000770968,-3.0,3.0,0.23
0.23,3.0,-3.0,-0.07150103,1.8026612,0.0002680829,-3.0,3.0,0.23
0.23,3.0,-3.0,-0.07710685,1.712663,0.00021849462,-3.0,3.0,0.23
0.23,3.0,-3.0,-0.052977618,1.7163938,0.0035074928,-3.0,3.0,0.23
0.23,3.0,-3.0,-0.053224724,1.7789317,0.0020949643,-3.0,3.0,0.23
0.41,5.0,-3.0,-0.08033399,1.8272098,0.00068280374,-3.0,5.0,0.41
0.41,5.0,-3.0,-0.063729584,1.7285612,0.0011272519,-3.0,5.0,0.41
0.41,5.0,-3.0,-0.05816494,1.7254971,0.001349529,-3.0,5.0,0.41
0.41,5.0,-3.0,-0.079277776,1.8290685,0.0015960202,-3.0,5.0,0.41
0.41,5.0,-3.0,-0.07471052,1.8480254,0.0016468833,-3.0,5.0,0.41
0.41,5.0,-3.0,-0.080100805,1.9012438,0.0022657535,-3.0,5.0,0.41
0.41,5.0,-3.0,-0.088392004,1.8964475,0.0006047304,-3.0,5.0,0.41
0.67,5.0,-3.0,-0.08546826,1.8796555,0.0025378491,-3.0,5.0,0.67
0.67,5.0,-3.0,-0.080043286,1.703316,0.00046537066,-3.0,5.0,0.67
0.67,5.0,-3.0,-0.05675428,1.6492807,0.0012030479,-3.0,5.0,0.67
0.67,5.0,-3.0,-0.06775636,1.7331352,0.0023500419,-3.0,5.0,0.67
0.67,5.0,-3.0,-0.08562144,1.73346,0.0005782641,-3.0,5.0,0.67
0.67,5.0,-3.0,-0.067721084,1.7775433,0.0035511998,-3.0,5.0,0.67
0.67,5.0,-3.0,-0.076161735,1.8195122,0.00285199,-3.0,5.0,0.67
0.67,5.0,-3.0,-0.09553768,1.822127,0.00047390518,-3.0,5.0,0.67
0.84,5.0,-3.0,-0.08122901,1.804255,0.0014727536,-3.0,5.0,0.84
0.84,5.0,-3.0,-0.0687962,1.8049306,0.0052829776,-3.0,5.0,0.84
0.84,5.0,-3.0,-0.071388245,1.8654851,0.0021093255,-3.0,5.0,0.84
0.84,5.0,-3.0,-0.0779569,1.8255678,0.0024437362,-3.0,5.0,0.84
0.84,5.0,-3.0,-0.074894056,1.707844,0.0028230746,-3.0,5.0,0.84
0.84,5.0,-3.0,-0.084983796,1.8152404,0.0019510257,-3.0,5.0,0.84
0.84,5.0,-3.0,-0.08273961,1.7900149,0.0045597255,-3.0,5.0,0.84
0.9,5.0,-3.0,-0.085963935,1.7551776,0.0007417757,-3.0,5.0,0.9
0.9,5.0,-3.0,-0.06971647,1.6782333,0.0019186586,-3.0,5.0,0.9
0.9,5.0,-3.0,-0.075965896,1.729534,0.002988331,-3.0,5.0,0.9
0.9,5.0,-3.0,-0.08471004,1.7212416,0.0011951139,-3.0,5.0,0.9
0.9,5.0,-3.0,-0.062231265,1.6203208,0.0011559821,-3.0,5.0,0.9
0.9,5.0,-3.0,-0.07428278,1.670885,0.0019804535,-3.0,5.0,0.9
0.9,5.0,-3.0,-0.07504567,1.6861168,0.0006621895,-3.0,5.0,0.9
0.9,5.0,-3.0,-0.06651771,1.7190531,0.00428926,-3.0,5.0,0.9
1.01,5.0,-2.0,-0.06842054,1.6894723,0.0015961138,-2.0,5.0,1.01
1.01,5.0,-2.0,-0.08499813,1.7390556,0.0029722762,-2.0,5.0,1.01
1.01,5.0,-2.0,-0.088763066,1.7814006,0.0011070857,-2.0,5.0,1.01
1.01,5.0,-2.0,-0.09958327,1.7952665,0.0005041709,-2.0,5.0,1.01
1.01,5.0,-2.0,-0.068335265,1.7473501,0.0017755536,-2.0,5.0,1.01
1.01,5.0,-2.0,-0.080666706,1.9164397,0.0012047113,-2.0,5.0,1.01
1.01,5.0,-2.0,-0.07308782,1.8856298,0.004748113,-2.0,5.0,1.01
1.05,5.0,-2.0,-0.068124995,1.7217958,0.0019741198,-2.0,5.0,1.05
1.05,5.0,-2.0,-0.07437139,1.8025042,0.0020931556,-2.0,5.0,1.05
1.05,5.0,-2.0,-0.0852191,1.8625436,0.00233256,-2.0,5.0,1.05
1.05,5.0,-2.0,-0.0691116,1.7737938,0.0004709126,-2.0,5.0,1.05
1.05,5.0,-2.0,-0.08971214,1.868396,0.0008252088,-2.0,5.0,1.05
1.05,5.0,-2.0,-0.093964405,2.026191,0.00068236835,-2.0,5.0,1.05
1.05,5.0,-2.0,-0.09106736,2.0459335,0.0016043544,-2.0,5.0,1.05
1.05,5.0,-2.0,-0.06351462,1.9863617,0.0021366791,-2.0,5.0,1.05
1.05,5.0,-2.0,-0.07702018,2.0272696,0.0007940626,-2.0,5.0,1.05
1.05,5.0,-2.0,-0.083751455,1.9665321,0.000577456,-2.0,5.0,1.05
1.05,5.0,-2.0,-0.06981256,1.8184102,0.0006340031,-2.0,5.0,1.05
1.05,5.0,-2.0,-0.060598154,1.8534597,0.00050704455,-2.0,5.0,1.05
1.05,5.0,-2.0,-0.066986114,1.93373,0.00073611486,-2.0,5.0,1.05
1.05,5.0,-2.0,-0.0705181,2.0412323,0.0011517913,-2.0,5.0,1.05
1.05,5.0,-2.0,-0.07867627,2.0417564,0.00068577024,-2.0,5.0,1.05
1.02,5.0,-2.0,-0.07906834,2.0112917,0.0023397512,-2.0,5.0,1.02
1.02,5.0,-2.0,-0.08396883,2.0448148,0.0003685779,-2.0,5.0,1.02
1.02,5.0,-2.0,-0.06707037,1.9546561,0.00041466352,-2.0,5.0,1.02
1.02,5.0,-2.0,-0.059223317,1.8789834,0.0017244038,-2.0,5.0,1.02
1.02,5.0,-2.0,-0.06004463,1.8308463,0.0009332935,-2.0,5.0,1.02
1.02,5.0,-2.0,-0.052038867,1.7834386,0.0009341328,-2.0,5.0,1.02
1.02,5.0,-2.0,-0.071216054,1.8313282,0.0010141844,-2.0,5.0,1.02
1.02,5.0,-2.0,-0.07113813,1.8154114,0.0007213751,-2.0,5.0,1.02
0.95,5.0,-2.0,-0.07905779,1.9810461,0.0016040067,-2.0,5.0,0.95
0.95,5.0,-2.0,-0.06908382,2.1273067,0.0019087903,-2.0,5.0,0.95
0.95,5.0,-2.0,-0.06449842,2.0405936,0.0057888906,-2.0,5.0,0.95
0.95,5.0,-2.0,-0.079228945,1.8897339,0.002474202,-2.0,5.0,0.95
0.95,5.0,-2.0,-0.07724204,1.8119544,0.0017994168,-2.0,5.0,0.95
0.95,5.0,-2.0,-0.0773845,1.8125991,0.0012863199,-2.0,5.0,0.95
0.95,5.0,-2.0,-0.078061424,1.8593348,0.00071895844,-2.0,5.0,0.95
0.82,5.0,-2.0,-0.06896307,1.8128194,0.0012193908,-2.0,5.0,0.82
0.82,5.0,-2.0,-0.075727984,1.8450965,0.0047317534,-2.0,5.0,0.82
0.82,5.0,-2.0,-0.08564547,1.9148501,0.0019372844,-2.0,5.0,0.82
0.82,5.0,-2.0,-0.06996751,1.8080689,0.0025106862,-2.0,5.0,0.82
0.82,5.0,-2.0,-0.07950257,1.8250458,0.0020195206,-2.0,5.0,0.82
0.82,5.0,-2.0,-0.075960554,1.911456,0.004859545,-2.0,5.0,0.82
0.82,5.0,-2.0,-0.09634236,1.9021671,0.0012325138,-2.0,5.0,0.82
0.82,5.0,-2.0,-0.080257766,1.8175014,0.0040769456,-2.0,5.0,0.82
0.78,5.0,-2.0,-0.06885056,1.6397427,0.0028685958,-2.0,5.0,0.78
0.78,5.0,-2.0,-0.07114271,1.5268407,0.00039809104,-2.0,5.0,0.78
0.78,5.0,-2.0,-0.07529482,1.7081602,0.0011329122,-2.0,5.0,0.78
0.78,5.0,-2.0,-0.08044134,1.8026543,0.0015964776,-2.0,5.0,0.78
0.78,5.0,-2.0,-0.10399057,1.7832196,0.000334156,-2.0,5.0,0.78
0.78,5.0,-2.0,-0.07159006,1.7838385,0.0021978659,-2.0,5.0,0.78
0.78,5.0,-2.0,-0.079664044,1.6682378,0.0005738662,-2.0,5.0,0.78
0.64,5.0,-2.0,-0.07379243,1.7943833,0.0011087335,-2.0,5.0,0.64
0.64,5.0,-2.0,-0.074704744,1.8723984,0.0019594072,-2.0,5.0,0.64
0.64,5.0,-2.0,-0.07377017,1.9430776,0.0033637532,-2.0,5.0,0.64
0.64,5.0,-2.0,-0.08574727,1.9651237,0.005301875,-2.0,5.0,0.64
0.64,5.0,-2.0,-0.09658103,2.0082877,0.0013119042,-2.0,5.0,0.64
0.64,5.0,-2.0,-0.07903008,2.0480702,0.0045705973,-2.0,5.0,0.64
0.64,5.0,-2.0,-0.09425508,1.8532448,0.0011794802,-2.0,5.0,0.64
0.64,5.0,-2.0,-0.07955324,1.9246835,0.0028798557,-2.0,5.0,0.64
0.7,5.0,-2.0,-0.094501294,1.9341398,0.0012242082,-2.0,5.0,0.7
0.7,5.0,-2.0,-0.09036313,1.9716283,0.0017684705,-2.0,5.0,0.7
0.7,5.0,-2.0,-0.09772958,1.8899049,0.00078304956,-2.0,5.0,0.7
0.7,5.0,-2.0,-0.07843594,1.8111132,0.0012455914,-2.0,5.0,0.7
0.7,5.0,-2.0,-0.07831089,1.6908704,0.00048587596,-2.0,5.0,0.7
0.7,5.0,-2.0,-0.07158044,1.7614369,0.0005093925,-2.0,5.0,0.7
0.7,5.0,-2.0,-0.062363077,1.776211,0.0006534059,-2.0,5.0,0.7
0.57,5.0,-2.0,-0.05054274,1.7364517,0.0021410026,-2.0,5.0,0.57
0.57,5.0,-2.0,-0.075368084,1.8074805,0.0007043919,-2.0,5.0,0.57
0.57,5.0,-2.0,-0.07610793,1.8321828,0.00082333415,-2.0,5.0,0.57
0.57,5.0,-2.0,-0.08196065,1.7381128,0.0008690513,-2.0,5.0,0.57
0.57,5.0,-2.0,-0.0891905,1.7213788,0.00025033005,-2.0,5.0,0.57
0.57,5.0,-2.0,-0.069664,1.7942927,0.00065880467,-2.0,5.0,0.57
0.57,5.0,-2.0,-0.055102788,1.8777376,0.0035623326,-2.0,5.0,0.57
0.57,5.0,-2.0,-0.07940678,1.9209182,0.001393646,-2.0,5.0,0.57
0.58,5.0,-2.0,-0.08461186,1.9746333,0.0011589273,-2.0,5.0,0.58
0.58,5.0,-2.0,-0.09702826,2.0597148,0.0005767082,-2.0,5.0,0.58
0.58,5.0,-2.0,-0.08719171,2.0026522,0.0008345789,-2.0,5.0,0.58
0.58,5.0,-2.0,-0.06011782,1.7633425,0.0007707071,-2.0,5.0,0.58
0.58,5.0,-2.0,-0.07845966,1.7416242,0.00036393784,-2.0,5.0,0.58
0.58,5.0,-2.0,-0.07939287,1.6889584,0.00018924828,-2.0,5.0,0.58
0.58,5.0,-2.0,-0.074779965,1.6003296,0.00013755474,-2.0,5.0,0.58
0.5,5.0,-2.0,-0.06137911,1.6591092,8.772341e-05,-2.0,5.0,0.5
0.5,5.0,-2.0,-0.040563397,1.698217,0.00087297696,-2.0,5.0,0.5
0.5,5.0,-2.0,-0.08050492,1.5853204,9.038551e-05,-2.0,5.0,0.5
0.5,5.0,-2.0,-0.075439975,1.5947641,5.7244226e-05,-2.0,5.0,0.5
0.5,5.0,-2.0,-0.048583176,1.6637882,0.0013331954,-2.0,5.0,0.5
0.5,5.0,-2.0,-0.07942044,1.9314035,0.00027699966,-2.0,5.0,0.5
0.5,5.0,-2.0,-0.054587778,1.9751045,0.00020196338,-2.0,5.0,0.5
0.5,5.0,-2.0,-0.05709628,1.8886582,0.00094598444,-2.0,5.0,0.5
0.4,5.0,-2.0,-0.065595604,1.8192465,0.00037976447,-2.0,5.0,0.4
0.4,5.0,-2.0,-0.049972348,1.7745701,0.001220312,-2.0,5.0,0.4
0.4,5.0,-2.0,-0.06341063,1.8149989,0.00081446086,-2.0,5.0,0.4
0.4,5.0,-2.0,-0.07126336,1.8519765,0.00052863365,-2.0,5.0,0.4
0.4,5.0,-2.0,-0.05011675,1.5960568,0.0012401947,-2.0,5.0,0.4
0.4,5.0,-2.0,-0.056428242,1.5978591,0.0007295994,-2.0,5.0,0.4
0.4,5.0,-2.0,-0.0674088,1.6876602,0.0005211669,-2.0,5.0,0.4
0.24,5.0,-2.0,-0.047561355,1.5494213,0.0005883578,-2.0,5.0,0.24
0.24,5.0,-2.0,-0.041065644,1.4227252,9.368477e-05,-2.0,5.0,0.24
0.24,5.0,-2.0,-0.04920562,1.5048124,0.001757377,-2.0,5.0,0.24
0.24,5.0,-2.0,-0.0603986,1.6398286,0.0010084378,-2.0,5.0,0.24
0.24,5.0,-2.0,-0.06363086,1.6106209,0.0003695306,-2.0,5.0,0.24
0.24,5.0,-2.0,-0.055146873,1.5176064,0.00020235915,-2.0,5.0,0.24
0.24,5.0,-2.0,-0.043971494,1.5055993,0.0009784678,-2.0,5.0,0.24
0.24,5.0,-2.0,-0.05821382,1.727164,0.0005101777,-2.0,5.0,0.24
0.17,5.0,-2.0,-0.05505775,1.9384338,0.0006998736,-2.0,5.0,0.17
0.17,5.0,-2.0,-0.06417467,1.8849555,0.000378054,-2.0,5.0,0.17
0.17,5.0,-2.0,-0.057461135,1.7841115,0.00016679814,-2.0,5.0,0.17
0.17,5.0,-2.0,-0.04141244,1.5528684,0.0008731746,-2.0,5.0,0.17
0.17,5.0,-2.0,-0.04893268,1.550006,0.0011137866,-2.0,5.0,0.17
0.17,5.0,-2.0,-0.06800095,1.653323,0.00019365018,-2.0,5.0,0.17
0.17,5.0,-2.0,-0.054920807,1.6735842,0.0005799294,-2.0,5.0,0.17
0.21,5.0,-3.0,-0.048107468,1.7429413,0.001234362,-3.0,5.0,0.21
0.21,5.0,-3.0,-0.053882726,1.7699051,0.0003278094,-3.0,5.0,0.21
0.21,5.0,-3.0,-0.047365848,1.6965581,0.0018146579,-3.0,5.0,0.21
0.21,5.0,-3.0,-0.06822994,1.5659134,0.00044440952,-3.0,5.0,0.21
0.21,5.0,-3.0,-0.044251878,1.5439922,0.00037155216,-3.0,5.0,0.21
0.21,5.0,-3.0,-0.04753913,1.5214719,0.0041223904,-3.0,5.0,0.21
0.21,5.0,-3.0,-0.06884517,1.5976102,0.0011712022,-3.0,5.0,0.21
0.21,5.0,-3.0,-0.053798284,1.700105,0.0023933456,-3.0,5.0,0.21
0.12,5.0,-3.0,-0.051057752,1.6019453,0.0031049133,-3.0,5.0,0.12
0.12,5.0,-3.0,-0.06911191,1.5395408,0.0016986742,-3.0,5.0,0.12
0.12,5.0,-3.0,-0.0672077,1.6109637,0.0023344792,-3.0,5.0,0.12
0.12,5.0,-3.0,-0.08559292,1.8064628,0.00075127406,-3.0,5.0,0.12
0.12,5.0,-3.0,-0.06466612,1.8003881,0.003546808,-3.0,5.0,0.12
0.12,5.0,-3.0,-0.07063141,1.7238501,0.004497277,-3.0,5.0,0.12
0.12,5.0,-3.0,-0.07413246,1.6572068,0.0029439593,-3.0,5.0,0.12
0.26,5.0,-3.0,-0.07157575,1.5566485,0.0033760467,-3.0,5.0,0.26
0.26,5.0,-3.0,-0.06937985,1.6518573,0.0032913466,-3.0,5.0,0.26
0.26,5.0,-3.0,-0.09570639,1.7459735,0.000957206,-3.0,5.0,0.26
0.26,5.0,-3.0,-0.07495246,1.7913902,0.0016949472,-3.0,5.0,0.26
0.26,5.0,-3.0,-0.0923279,1.7476968,0.00047984827,-3.0,5.0,0.26
0.26,5.0,-3.0,-0.06995783,1.8206912,0.00079386955,-3.0,5.0,0.26
0.26,5.0,-3.0,-0.068058334,1.8290986,0.002550266,-3.0,5.0,0.26
0.26,5.0,-3.0,-0.09317174,1.7477626,0.00022701541,-3.0,5.0,0.26
0.08,5.0,-3.0,-0.084105,1.7289807,0.00042212472,-3.0,5.0,0.08
0.08,5.0,-3.0,-0.06033438,1.7500073,0.0029444953,-3.0,5.0,0.08
0.08,5.0,-3.0,-0.08019759,1.6895026,0.00044524952,-3.0,5.0,0.08
0.08,5.0,-3.0,-0.06418349,1.632164,0.0012941923,-3.0,5.0,0.08
0.08,5.0,-3.0,-0.050799068,1.5080082,0.0018256282,-3.0,5.0,0.08
0.08,5.0,-3.0,-0.063885786,1.5391037,0.0006802066,-3.0,5.0,0.08
0.08,5.0,-3.0,-0.04891575,1.51139,0.0011508391,-3.0,5.0,0.08
0.14,5.0,-3.0,-0.046473186,1.4212724,0.00059739297,-3.0,5.0,0.14
0.14,5.0,-3.0,-0.07386912,1.5156468,0.0011928168,-3.0,5.0,0.14
0.14,5.0,-3.0,-0.08212796,1.4968743,0.00037383568,-3.0,5.0,0.14
0.14,5.0,-3.0,-0.058349356,1.5794281,0.0010013876,-3.0,5.0,0.14
0.14,5.0,-3.0,-0.06478227,1.7046939,0.00056415127,-3.0,5.0,0.14
0.14,5.0,-3.0,-0.053933505,1.6974103,0.0022944212,-3.0,5.0,0.14
0.14,5.0,-3.0,-0.064082004,1.7183968,0.0007754938,-3.0,5.0,0.14
0.14,5.0,-3.0,-0.07946578,1.678682,0.00016570759,-3.0,5.0,0.14
0.05,4.0,-3.0,-0.053479597,1.697422,0.001757231,-3.0,4.0,0.05
0.05,4.0,-3.0,-0.0496119,1.7078649,0.0044604433,-3.0,4.0,0.05
0.05,4.0,-3.0,-0.055041257,1.6641159,0.0012938941,-3.0,4.0,0.05
0.05,4.0,-3.0,-0.059452645,1.754057,0.0007658844,-3.0,4.0,0.05
0.05,4.0,-3.0,-0.05369818,1.7569257,0.0017522365,-3.0,4.0,0.05
0.05,4.0,-3.0,-0.07973655,1.734442,0.00017740716,-3.0,4.0,0.05
0.05,4.0,-3.0,-0.056059327,1.5839856,0.0002930918,-3.0,4.0,0.05
0.0,4.0,-3.0,-0.04988614,1.5353408,0.00040531447,-3.0,4.0,0.0
0.0,4.0,-3.0,-0.04189877,1.4796066,0.0013271016,-3.0,4.0,0.0
0.0,4.0,-3.0,-0.05339556,1.5848727,0.0041195774,-3.0,4.0,0.0
0.0,4.0,-3.0,-0.069563605,1.816334,0.00661229,-3.0,4.0,0.0
0.0,4.0,-3.0,-0.07993736,1.924046,0.0026810244,-3.0,4.0,0.0
0.0,4.0,-3.0,-0.068050794,1.7455243,0.0031015645,-3.0,4.0,0.0
0.0,4.0,-3.0,-0.06840406,1.6209179,0.0046551367,-3.0,4.0,0.0
0.0,4.0,-3.0,-0.06869337,1.5019826,0.0031122768,-3.0,4.0,0.0
0.0,4.0,-3.0,-0.05578811,1.430202,0.0020146584,-3.0,4.0,0.0
0.0,4.0,-3.0,-0.05435027,1.464539,0.0014782123,-3.0,4.0,0.0
0.0,4.0,-3.0,-0.06386617,1.5973856,0.005378581,-3.0,4.0,0.0
0.0,4.0,-3.0,-0.06758249,1.6548258,0.0040978957,-3.0,4.0,0.0
0.0,4.0,-3.0,-0.07407637,1.8178762,0.0018107963,-3.0,4.0,0.0
0.0,4.0,-3.0,-0.06542889,1.775028,0.008719497,-3.0,4.0,0.0
0.0,4.0,-3.0,-0.060592,1.6689994,0.008336393,-3.0,4.0,0.0
0.06,4.0,-3.0,-0.07155717,1.6660978,0.009875295,-3.0,4.0,0.06
0.06,4.0,-3.0,-0.07253693,1.5797564,0.007234728,-3.0,4.0,0.06
0.06,4.0,-3.0,-0.08069353,1.5457337,0.0033818467,-3.0,4.0,0.06
0.06,4.0,-3.0,-0.072942466,1.5968211,0.0061564716,-3.0,4.0,0.06
0.06,4.0,-3.0,-0.06372256,1.5199143,0.0031289116,-3.0,4.0,0.06
0.06,4.0,-3.0,-0.055448353,1.6584717,0.006473573,-3.0,4.0,0.06
0.06,4.0,-3.0,-0.07557162,1.6932228,0.007212899,-3.0,4.0,0.06
0.06,4.0,-3.0,-0.07260227,1.5599841,0.0040038754,-3.0,4.0,0.06
0.11,4.0,-3.0,-0.06787234,1.4973325,0.004628304,-3.0,4.0,0.11
0.11,4.0,-3.0,-0.07601116,1.7062398,0.003801572,-3.0,4.0,0.11
0.11,4.0,-3.0,-0.084237546,1.7182015,0.00426982,-3.0,4.0,0.11
0.11,4.0,-3.0,-0.07996847,1.5781903,0.0037691707,-3.0,4.0,0.11
0.11,4.0,-3.0,-0.08402212,1.556888,0.0018068342,-3.0,4.0,0.11
0.11,4.0,-3.0,-0.07377211,1.5897158,0.0011172222,-3.0,4.0,0.11
0.11,4.0,-3.0,-0.07788131,1.6743474,0.002689522,-3.0,4.0,0.11
0.13,4.0,-2.0,-0.07215896,1.6504025,0.003906355,-2.0,4.0,0.13
0.13,4.0,-2.0,-0.080403596,1.8254799,0.0021744887,-2.0,4.0,0.13
0.13,4.0,-2.0,-0.099012084,1.8648089,0.0011493176,-2.0,4.0,0.13
0.13,4.0,-2.0,-0.068303585,1.7683579,0.0026667356,-2.0,4.0,0.13
0.13,4.0,-2.0,-0.07803181,1.7742559,0.005540843,-2.0,4.0,0.13
0.13,4.0,-2.0,-0.09069278,1.8633404,0.00089075684,-2.0,4.0,0.13
0.13,4.0,-2.0,-0.07104748,1.6365628,0.004512986,-2.0,4.0,0.13
0.13,4.0,-2.0,-0.07130527,1.6022915,0.0025297597,-2.0,4.0,0.13
0.04,4.0,-3.0,-0.06162619,1.600495,0.0023824226,-3.0,4.0,0.04
0.04,4.0,-3.0,-0.072347134,1.6361486,0.01700037,-3.0,4.0,0.04
0.04,4.0,-3.0,-0.082415216,1.6545526,0.0013763658,-3.0,4.0,0.04
0.04,4.0,-3.0,-0.086606614,1.5953358,0.00066370243,-3.0,4.0,0.04
0.04,4.0,-3.0,-0.067190796,1.6037775,0.0068841833,-3.0,4.0,0.04
0.04,4.0,-3.0,-0.06448725,1.6248405,0.0030662878,-3.0,4.0,0.04
0.04,4.0,-3.0,-0.06937941,1.6225464,0.004970299,-3.0,4.0,0.04
-0.15,3.0,-3.0,-0.06600163,1.7192426,0.0036624218,-3.0,3.0,-0.15
-0.15,3.0,-3.0,-0.074721165,1.7363834,0.003199562,-3.0,3.0,-0.15
-0.15,3.0,-3.0,-0.07405909,1.6395203,0.004695686,-3.0,3.0,-0.15
-0.15,3.0,-3.0,-0.07480624,1.6160954,0.0010721924,-3.0,3.0,-0.15
-0.15,3.0,-3.0,-0.054105043,1.497272,0.0026086166,-3.0,3.0,-0.15
-0.15,3.0,-3.0,-0.057910983,1.5328177,0.0019299063,-3.0,3.0,-0.15
-0.15,3.0,-3.0,-0.05150591,1.5512525,0.001469674,-3.0,3.0,-0.15
-0.15,3.0,-3.0,-0.07678587,1.7088931,0.0027577912,-3.0,3.0,-0.15
-0.08,4.0,-3.0,-0.09507292,1.8088553,0.0008088892,-3.0,4.0,-0.08
-0.08,4.0,-3.0,-0.062049482,1.7452575,0.005101038,-3.0,4.0,-0.08
-0.08,4.0,-3.0,-0.08261308,1.6708199,0.005959329,-3.0,4.0,-0.08
-0.08,4.0,-3.0,-0.08404903,1.5920497,0.0020266846,-3.0,4.0,-0.08
-0.08,4.0,-3.0,-0.07802887,1.6467788,0.00083816185,-3.0,4.0,-0.08
-0.08,4.0,-3.0,-0.07814829,1.7098758,0.0020179574,-3.0,4.0,-0.08
-0.08,4.0,-3.0,-0.07639675,1.9049245,0.0016973247,-3.0,4.0,-0.08
-0.08,4.0,-3.0,-0.069350444,1.8572266,0.0023404274,-3.0,4.0,-0.08
-0.08,4.0,-3.0,-0.06755059,1.6529301,0.0017813926,-3.0,4.0,-0.08
-0.08,4.0,-3.0,-0.063716434,1.5125262,0.00045013288,-3.0,4.0,-0.08
-0.08,4.0,-3.0,-0.05830641,1.4593529,0.0011398442,-3.0,4.0,-0.08
-0.08,4.0,-3.0,-0.045599025,1.4933453,0.0011657496,-3.0,4.0,-0.08
-0.08,4.0,-3.0,-0.060259692,1.485526,0.00055968267,-3.0,4.0,-0.08
-0.08,4.0,-3.0,-0.09035131,1.7925303,0.0005541449,-3.0,4.0,-0.08
-0.08,4.0,-3.0,-0.07436762,1.8577085,0.00047861304,-3.0,4.0,-0.08
-0.06,4.0,-3.0,-0.0710812,1.7813758,0.0006420022,-3.0,4.0,-0.06
-0.06,4.0,-3.0,-0.05139842,1.6543853,0.00069565413,-3.0,4.0,-0.06
-0.06,4.0,-3.0,-0.05817809,1.632428,0.0029392256,-3.0,4.0,-0.06
-0.06,4.0,-3.0,-0.07638203,1.7089332,0.00026253064,-3.0,4.0,-0.06
-0.06,4.0,-3.0,-0.070637226,1.631769,0.00026254778,-3.0,4.0,-0.06
-0.06,4.0,-3.0,-0.046118435,1.5895269,0.0011211626,-3.0,4.0,-0.06
-0.06,4.0,-3.0,-0.043545064,1.5713961,0.0006131272,-3.0,4.0,-0.06
0.02,4.0,-3.0,-0.06861116,1.6909366,0.00017318907,-3.0,4.0,0.02
0.02,4.0,-3.0,-0.05149225,1.6376052,0.00060812227,-3.0,4.0,0.02
0.02,4.0,-3.0,-0.06199952,1.6386355,0.0002087772,-3.0,4.0,0.02
0.02,4.0,-3.0,-0.046089943,1.6405978,0.00044543174,-3.0,4.0,0.02
0.02,4.0,-3.0,-0.042364955,1.5500829,0.0006471554,-3.0,4.0,0.02
0.02,4.0,-3.0,-0.053182364,1.5377399,0.00020549369,-3.0,4.0,0.02
0.02,4.0,-3.0,-0.039481346,1.5291535,0.00023174511,-3.0,4.0,0.02
0.02,4.0,-3.0,-0.05689084,1.6238782,0.0002052578,-3.0,4.0,0.02
0.08,4.0,-3.0,-0.045583002,1.7554473,0.0011866913,-3.0,4.0,0.08
0.08,4.0,-3.0,-0.06571259,1.7674469,0.00068665243,-3.0,4.0,0.08
0.08,4.0,-3.0,-0.051810574,1.6161989,0.0003124019,-3.0,4.0,0.08
0.08,4.0,-3.0,-0.05983996,1.4337075,0.00013594663,-3.0,4.0,0.08
0.08,4.0,-3.0,-0.03450795,1.4201635,0.00079340517,-3.0,4.0,0.08
0.08,4.0,-3.0,-0.044459973,1.5857147,0.001536812,-3.0,4.0,0.08
0.08,4.0,-3.0,-0.04822701,1.7239026,0.00035027583,-3.0,4.0,0.08
0.17,4.0,-3.0,-0.06959328,1.6486603,0.00015039835,-3.0,4.0,0.17
0.17,4.0,-3.0,-0.051974274,1.540148,0.0012817105,-3.0,4.0,0.17
0.17,4.0,-3.0,-0.043957513,1.4528142,0.0015635024,-3.0,4.0,0.17
0.17,4.0,-3.0,-0.071682386,1.6099279,0.00048140404,-3.0,4.0,0.17
0.17,4.0,-3.0,-0.067992665,1.6211886,0.0014435368,-3.0,4.0,0.17
0.17,4.0,-3.0,-0.052962255,1.4475131,0.0011858919,-3.0,4.0,0.17
0.17,4.0,-3.0,-0.03997632,1.4809707,0.0006203617,-3.0,4.0,0.17
0.17,4.0,-3.0,-0.05681948,1.5252904,0.0003312263,-3.0,4.0,0.17
0.22,4.0,-3.0,-0.06560506,1.6039066,0.00037038216,-3.0,4.0,0.22
0.22,4.0,-3.0,-0.05134367,1.6359087,0.00041683615,-3.0,4.0,0.22
0.22,4.0,-3.0,-0.062976025,1.6378762,0.00014071671,-3.0,4.0,0.22
0.22,4.0,-3.0,-0.045384936,1.5387003,0.00182508,-3.0,4.0,0.22
0.22,4.0,-3.0,-0.059729423,1.7347946,0.002459179,-3.0,4.0,0.22
0.22,4.0,-3.0,-0.06962774,1.7750435,0.00071624084,-3.0,4.0,0.22
0.22,4.0,-3.0,-0.05875527,1.646001,0.0006184074,-3.0,4.0,0.22
0.26,4.0,-3.0,-0.043751273,1.4755934,0.000662408,-3.0,4.0,0.26
0.26,4.0,-3.0,-0.047003277,1.5693644,0.0015857638,-3.0,4.0,0.26
0.26,4.0,-3.0,-0.044954278,1.5097216,0.001222872,-3.0,4.0,0.26
0.26,4.0,-3.0,-0.04149832,1.4810767,0.0010017913,-3.0,4.0,0.26
0.26,4.0,-3.0,-0.05233646,1.468232,0.00010663723,-3.0,4.0,0.26
0.26,4.0,-3.0,-0.04983197,1.5286707,0.0020430584,-3.0,4.0,0.26
0.26,4.0,-3.0,-0.06163104,1.6778877,0.001972479,-3.0,4.0,0.26
0.26,4.0,-3.0,-0.07951613,1.7088647,0.001119983,-3.0,4.0,0.26
0.36,4.0,-3.0,-0.06519222,1.6812466,0.001353458,-3.0,4.0,0.36
0.36,4.0,-3.0,-0.06343092,1.6367124,0.0009947807,-3.0,4.0,0.36
0.36,4.0,-3.0,-0.06360467,1.6747733,0.0015259844,-3.0,4.0,0.36
0.36,4.0,-3.0,-0.06527376,1.6945051,0.0015451054,-3.0,4.0,0.36
0.36,4.0,-3.0,-0.06260897,1.7478849,0.002035518,-3.0,4.0,0.36
0.36,4.0,-3.0,-0.057104595,1.8162667,0.004976112,-3.0,4.0,0.36
0.36,4.0,-3.0,-0.07286104,1.8351378,0.0006893311,-3.0,4.0,0.36
0.42,4.0,-2.0,-0.061802346,1.7719303,0.0010714813,-2.0,4.0,0.42
0.42,4.0,-2.0,-0.060005836,1.7169181,0.0028194317,-2.0,4.0,0.42
0.42,4.0,-2.0,-0.080772564,1.7553322,0.000604313,-2.0,4.0,0.42
0.42,4.0,-2.0,-0.0636485,1.8083199,0.0020664684,-2.0,4.0,0.42
0.42,4.0,-2.0,-0.06478277,1.753315,0.00089145434,-2.0,4.0,0.42
0.42,4.0,-2.0,-0.0725584,1.707976,0.00030915008,-2.0,4.0,0.42
0.42,4.0,-2.0,-0.065173455,1.8847483,0.005127004,-2.0,4.0,0.42
0.42,4.0,-2.0,-0.08439722,2.092538,0.0033600791,-2.0,4.0,0.42
0.37,3.0,-1.0,-0.06778906,1.926241,0.0061152815,-1.0,3.0,0.37
0.37,3.0,-1.0,-0.076490864,2.0676177,0.004618928,-1.0,3.0,0.37
0.37,3.0,-1.0,-0.081186146,1.9911486,0.0012300288,-1.0,3.0,0.37
0.37,3.0,-1.0,-0.06959905,2.0542307,0.002628123,-1.0,3.0,0.37
0.37,3.0,-1.0,-0.08012661,2.1871755,0.002219592,-1.0,3.0,0.37
0.37,3.0,-1.0,-0.08753396,2.1507938,0.0021458543,-1.0,3.0,0.37
0.37,3.0,-1.0,-0.07760413,2.0948305,0.0015314484,-1.0,3.0,0.37
0.33,4.0,-2.0,-0.06894263,2.086284,0.0010318322,-2.0,4.0,0.33
0.33,4.0,-2.0,-0.06635972,2.0796216,0.0026964073,-2.0,4.0,0.33
0.33,4.0,-2.0,-0.06858876,1.8942822,0.0025074494,-2.0,4.0,0.33
0.33,4.0,-2.0,-0.05892546,1.7047518,0.0022251585,-2.0,4.0,0.33
0.33,4.0,-2.0,-0.06896383,1.9371083,0.0026886899,-2.0,4.0,0.33
0.33,4.0,-2.0,-0.07364235,2.0789192,0.0019260456,-2.0,4.0,0.33
0.33,4.0,-2.0,-0.07705678,1.8819658,0.0010537849,-2.0,4.0,0.33
0.33,4.0,-2.0,-0.061791386,1.8893803,0.0046635335,-2.0,4.0,0.33
0.35,4.0,-3.0,-0.07629135,1.898988,0.0007017945,-3.0,4.0,0.35
0.35,4.0,-3.0,-0.06322669,1.9379627,0.0020333477,-3.0,4.0,0.35
0.35,4.0,-3.0,-0.06590961,1.8015336,0.0021595624,-3.0,4.0,0.35
0.35,4.0,-3.0,-0.069034174,1.7406818,0.0018211979,-3.0,4.0,0.35
0.35,4.0,-3.0,-0.06470892,1.8414167,0.0020311452,-3.0,4.0,0.35
0.35,4.0,-3.0,-0.058258604,1.7642001,0.003184728,-3.0,4.0,0.35
0.35,4.0,-3.0,-0.06560094,1.6931764,0.0007263308,-3.0,4.0,0.35
0.36,4.0,-3.0,-0.060179375,1.7514323,0.003193289,-3.0,4.0,0.36
0.36,4.0,-3.0,-0.06591888,1.8382246,0.0018731353,-3.0,4.0,0.36
0.36,4.0,-3.0,-0.05760028,1.755627,0.0019067248,-3.0,4.0,0.36
0.36,4.0,-3.0,-0.07483217,1.8158574,0.0017089887,-3.0,4.0,0.36
0.36,4.0,-3.0,-0.059329327,1.7207404,0.00063141284,-3.0,4.0,0.36
0.36,4.0,-3.0,-0.070131645,1.6140279,0.00032880032,-3.0,4.0,0.36
0.36,4.0,-3.0,-0.04788105,1.427039,0.0055470527,-3.0,4.0,0.36
0.36,4.0,-3.0,-0.042278633,1.4314677,0.0024631456,-3.0,4.0,0.36
0.21,4.0,-3.0,-0.050094604,1.4080869,0.002764062,-3.0,4.0,0.21
0.21,4.0,-3.0,-0.036907967,1.3175807,0.0026122178,-3.0,4.0,0.21
0.21,4.0,-3.0,-0.06306455,1.5732445,0.0016465212,-3.0,4.0,0.21
0.21,4.0,-3.0,-0.05267047,1.5741981,0.0011275484,-3.0,4.0,0.21
0.21,4.0,-3.0,-0.050304018,1.5562724,0.0017967806,-3.0,4.0,0.21
0.21,4.0,-3.0,-0.052528605,1.5962071,0.0013985857,-3.0,4.0,0.21
0.21,4.0,-3.0,-0.05953232,1.5385015,0.003294716,-3.0,4.0,0.21
0.08,4.0,-3.0,-0.0485419,1.3543346,0.0005447552,-3.0,4.0,0.08
0.08,4.0,-3.0,-0.05515055,1.3531002,0.002330703,-3.0,4.0,0.08
0.08,4.0,-3.0,-0.0602116,1.4454328,0.0015434274,-3.0,4.0,0.08
0.08,4.0,-3.0,-0.057189174,1.4671031,0.00073511887,-3.0,4.0,0.08
0.08,4.0,-3.0,-0.0704581,1.702328,0.00078024325,-3.0,4.0,0.08
0.08,4.0,-3.0,-0.057104997,1.7509532,0.0038952692,-3.0,4.0,0.08
0.08,4.0,-3.0,-0.057851877,1.7175431,0.0026219056,-3.0,4.0,0.08
0.08,4.0,-3.0,-0.06101875,1.6226178,0.0017547038,-3.0,4.0,0.08
-0.03,4.0,-3.0,-0.058647163,1.5585418,0.002585705,-3.0,4.0,-0.03
-0.03,4.0,-3.0,-0.052465364,1.3734318,0.004457134,-3.0,4.0,-0.03
-0.03,4.0,-3.0,-0.049511183,1.394696,0.0005353241,-3.0,4.0,-0.03
-0.03,4.0,-3.0,-0.051439587,1.5180755,0.0010711661,-3.0,4.0,-0.03
-0.03,4.0,-3.0,-0.0648041,1.6191815,0.0052280733,-3.0,4.0,-0.03
-0.03,4.0,-3.0,-0.063081376,1.5865251,0.0019102826,-3.0,4.0,-0.03
-0.03,4.0,-3.0,-0.05745719,1.4576724,0.0024447802,-3.0,4.0,-0.03
-0.11,4.0,-3.0,-0.042076923,1.3139722,0.00292146,-3.0,4.0,-0.11
-0.11,4.0,-3.0,-0.054539584,1.4213679,0.0006338151,-3.0,4.0,-0.11
-0.11,4.0,-3.0,-0.05482723,1.4729294,0.0016307217,-3.0,4.0,-0.11
-0.11,4.0,-3.0,-0.059910845,1.5987009,0.0023314238,-3.0,4.0,-0.11
-0.11,4.0,-3.0,-0.0703341,1.6014355,0.0012165854,-3.0,4.0,-0.11
-0.11,4.0,-3.0,-0.06008887,1.5111763,0.006601105,-3.0,4.0,-0.11
-0.11,4.0,-3.0,-0.06733845,1.5915222,0.0007068779,-3.0,4.0,-0.11
-0.11,4.0,-3.0,-0.059449036,1.6035192,0.0008409442,-3.0,4.0,-0.11
-0.16,4.0,-3.0,-0.05845887,1.6192654,0.0027235667,-3.0,4.0,-0.16
-0.16,4.0,-3.0,-0.06411312,1.7229111,0.0038850077,-3.0,4.0,-0.16
-0.16,4.0,-3.0,-0.07306193,1.836016,0.0040769572,-3.0,4.0,-0.16
-0.16,4.0,-3.0,-0.074426174,1.6853415,0.003210253,-3.0,4.0,-0.16
-0.16,4.0,-3.0,-0.06676841,1.6523312,0.0055856165,-3.0,4.0,-0.16
-0.16,4.0,-3.0,-0.075646,1.8492122,0.0012551858,-3.0,4.0,-0.16
-0.16,4.0,-3.0,-0.09330003,1.9526314,0.00045423643,-3.0,4.0,-0.16
-0.25,4.0,-3.0,-0.06155271,1.7922684,0.003810098,-3.0,4.0,-0.25
-0.25,4.0,-3.0,-0.05964664,1.6314183,0.004944472,-3.0,4.0,-0.25
-0.25,4.0,-3.0,-0.07404911,1.7620049,0.006175779,-3.0,4.0,-0.25
-0.25,4.0,-3.0,-0.08141449,1.9470645,0.0012276892,-3.0,4.0,-0.25
-0.25,4.0,-3.0,-0.055630337,2.0392048,0.0024569149,-3.0,4.0,-0.25
-0.25,4.0,-3.0,-0.0699494,2.0066614,0.0035229907,-3.0,4.0,-0.25
-0.25,4.0,-3.0,-0.07371176,1.9356726,0.0041257744,-3.0,4.0,-0.25
-0.25,4.0,-3.0,-0.060993694,1.6497922,0.005381279,-3.0,4.0,-0.25
-0.27,4.0,-3.0,-0.051644906,1.627855,0.0015455068,-3.0,4.0,-0.27
-0.27,4.0,-3.0,-0.072216004,1.593637,0.00090700336,-3.0,4.0,-0.27
-0.27,4.0,-3.0,-0.06570783,1.5716299,0.0033984578,-3.0,4.0,-0.27
-0.27,4.0,-3.0,-0.061585985,1.6633606,0.00459222,-3.0,4.0,-0.27
-0.27,4.0,-3.0,-0.0820041,1.8879215,0.005244164,-3.0,4.0,-0.27
-0.27,4.0,-3.0,-0.07963974,2.0046709,0.0030399612,-3.0,4.0,-0.27
-0.27,4.0,-3.0,-0.07119242,1.9507375,0.0037876149,-3.0,4.0,-0.27
-0.35,3.0,-3.0,-0.07903065,1.9855973,0.0057059,-3.0,3.0,-0.35
-0.35,3.0,-3.0,-0.07309521,1.9924527,0.0012700431,-3.0,3.0,-0.35
-0.35,3.0,-3.0,-0.06068934,1.8125609,0.0028543298,-3.0,3.0,-0.35
-0.35,3.0,-3.0,-0.05802763,1.7730879,0.004189867,-3.0,3.0,-0.35
-0.35,3.0,-3.0,-0.056969777,1.5392234,0.0023615062,-3.0,3.0,-0.35
-0.35,3.0,-3.0,-0.061061796,1.7474638,0.0007852279,-3.0,3.0,-0.35
-0.35,3.0,-3.0,-0.056040052,1.6075542,0.00813763,-3.0,3.0,-0.35
-0.35,3.0,-3.0,-0.06325237,1.5922947,0.001766513,-3.0,3.0,-0.35
-0.46,3.0,-6.0,-0.061376788,1.6168594,0.0065257084,-6.0,3.0,-0.46
-0.46,3.0,-6.0,-0.07180173,2.113849,0.0052277427,-6.0,3.0,-0.46
-0.46,3.0,-6.0,-0.08038424,1.9584602,0.0012089091,-6.0,3.0,-0.46
-0.46,3.0,-6.0,-0.06542665,1.847236,0.0058013243,-6.0,3.0,-0.46
-0.46,3.0,-6.0,-0.06607557,1.6730024,0.0030009176,-6.0,3.0,-0.46
-0.46,3.0,-6.0,-0.06763144,1.7695976,0.0035639855,-6.0,3.0,-0.46
-0.46,3.0,-6.0,-0.068753175,1.7157137,0.0072584585,-6.0,3.0,-0.46
-0.43,4.0,-6.0,-0.05153645,1.5684588,0.0038450852,-6.0,4.0,-0.43
-0.43,4.0,-6.0,-0.058092397,1.6277542,0.0022251527,-6.0,4.0,-0.43
-0.43,4.0,-6.0,-0.06719372,1.8190117,0.0014170011,-6.0,4.0,-0.43
-0.43,4.0,-6.0,-0.06601664,1.8976066,0.0010193434,-6.0,4.0,-0.43
-0.43,4.0,-6.0,-0.06156254,1.7519585,0.0032381448,-6.0,4.0,-0.43
-0.43,4.0,-6.0,-0.069284566,1.7288697,0.00092652213,-6.0,4.0,-0.43
-0.43,4.0,-6.0,-0.052729845,1.6873691,0.004842532,-6.0,4.0,-0.43
-0.43,4.0,-6.0,-0.06429539,1.7271268,0.0060406765,-6.0,4.0,-0.43
-0.39,4.0,-6.0,-0.050981976,1.6647468,0.0062099597,-6.0,4.0,-0.39
-0.39,4.0,-6.0,-0.055085745,1.7563094,0.002223789,-6.0,4.0,-0.39
-0.39,4.0,-6.0,-0.05477925,1.5755475,0.003856122,-6.0,4.0,-0.39
-0.39,4.0,-6.0,-0.06211131,1.5765212,0.003072689,-6.0,4.0,-0.39
-0.39,4.0,-6.0,-0.06397488,1.6162415,0.00998498,-6.0,4.0,-0.39
-0.39,4.0,-6.0,-0.08019943,1.7101882,0.0014774484,-6.0,4.0,-0.39
-0.39,4.0,-6.0,-0.06409267,1.6060455,0.00079433643,-6.0,4.0,-0.39
-0.37,4.0,-6.0,-0.058056753,1.5525752,0.00678551,-6.0,4.0,-0.37
-0.37,4.0,-6.0,-0.06697275,1.6681862,0.0007969254,-6.0,4.0,-0.37
-0.37,4.0,-6.0,-0.06490505,1.6347282,0.0048296694,-6.0,4.0,-0.37
-0.37,4.0,-6.0,-0.07168635,1.7975513,0.0016523312,-6.0,4.0,-0.37
-0.37,4.0,-6.0,-0.055344384,1.652288,0.0012026301,-6.0,4.0,-0.37
-0.37,4.0,-6.0,-0.059578624,1.5622487,0.010037753,-6.0,4.0,-0.37
-0.37,4.0,-6.0,-0.059885543,1.6083432,0.0030109843,-6.0,4.0,-0.37
-0.37,4.0,-6.0,-0.050743762,1.6635503,0.007848578,-6.0,4.0,-0.37
-0.4,4.0,-6.0,-0.068040356,1.699393,0.0038240675,-6.0,4.0,-0.4
-0.4,4.0,-6.0,-0.07121031,1.705425,0.0035380507,-6.0,4.0,-0.4
-0.4,4.0,-6.0,-0.07329467,1.652411,0.0018655495,-6.0,4.0,-0.4
-0.4,4.0,-6.0,-0.06430152,1.5112725,0.0009887997,-6.0,4.0,-0.4
-0.4,4.0,-6.0,-0.054960255,1.5018626,0.00092441204,-6.0,4.0,-0.4
-0.4,4.0,-6.0,-0.057669975,1.6006768,0.0056331516,-6.0,4.0,-0.4
-0.4,4.0,-6.0,-0.07327042,1.9243938,0.00042550787,-6.0,4.0,-0.4
-0.37,4.0,-6.0,-0.054218683,1.7510569,0.006578081,-6.0,4.0,-0.37
-0.37,4.0,-6.0,-0.062493727,1.6495739,0.0056657325,-6.0,4.0,-0.37
-0.37,4.0,-6.0,-0.061182253,1.4977305,0.0013040815,-6.0,4.0,-0.37
-0.37,4.0,-6.0,-0.051985312,1.6546084,0.0031335175,-6.0,4.0,-0.37
-0.37,4.0,-6.0,-0.06809935,1.6662072,0.00214171,-6.0,4.0,-0.37
-0.37,4.0,-6.0,-0.05729196,1.6464932,0.001999971,-6.0,4.0,-0.37
-0.37,4.0,-6.0,-0.06619193,1.5688611,0.004864352,-6.0,4.0,-0.37
-0.37,4.0,-6.0,-0.06460185,1.8075345,0.001669874,-6.0,4.0,-0.37
-0.4,4.0,-6.0,-0.05355363,1.6265706,0.0023359586,-6.0,4.0,-0.4
-0.4,4.0,-6.0,-0.07104255,1.8452165,0.0049439776,-6.0,4.0,-0.4
-0.4,4.0,-6.0,-0.06254933,1.8163899,0.0020571868,-6.0,4.0,-0.4
-0.4,4.0,-6.0,-0.061964616,1.735908,0.001611345,-6.0,4.0,-0.4
-0.4,4.0,-6.0,-0.06211513,1.5976385,0.0046302853,-6.0,4.0,-0.4
-0.4,4.0,-6.0,-0.05537254,1.7602185,0.003913605,-6.0,4.0,-0.4
-0.4,4.0,-6.0,-0.06849622,1.9448835,0.0043114913,-6.0,4.0,-0.4
-0.38,4.0,-6.0,-0.06899915,1.7679956,0.0014420905,-6.0,4.0,-0.38
-0.38,4.0,-6.0,-0.04992515,1.5696359,0.003186052,-6.0,4.0,-0.38
-0.38,4.0,-6.0,-0.053113665,1.615693,0.0032739798,-6.0,4.0,-0.38
-0.38,4.0,-6.0,-0.0633492,1.8502495,0.0016179226,-6.0,4.0,-0.38
-0.38,4.0,-6.0,-0.06452326,1.8605878,0.0044698296,-6.0,4.0,-0.38
-0.38,4.0,-6.0,-0.057800535,1.7038116,0.0035357466,-6.0,4.0,-0.38
-0.38,4.0,-6.0,-0.050950177,1.5830953,0.001340172,-6.0,4.0,-0.38
-0.38,4.0,-6.0,-0.06067465,1.6774327,0.003263608,-6.0,4.0,-0.38
-0.43,4.0,-6.0,-0.057779208,1.754715,0.002239743,-6.0,4.0,-0.43
-0.43,4.0,-6.0,-0.061503343,1.7833054,0.0016209029,-6.0,4.0,-0.43
-0.43,4.0,-6.0,-0.06227628,1.6543318,0.0016277333,-6.0,4.0,-0.43
-0.43,4.0,-6.0,-0.06197774,1.7868084,0.0025873056,-6.0,4.0,-0.43
-0.43,4.0,-6.0,-0.054856937,1.8128273,0.0029786697,-6.0,4.0,-0.43
-0.43,4.0,-6.0,-0.0753368,1.9679306,0.004891693,-6.0,4.0,-0.43
-0.43,4.0,-6.0,-0.06178143,1.8271492,0.0055975765,-6.0,4.0,-0.43
-0.38,4.0,-6.0,-0.062408797,1.7027633,0.0014663067,-6.0,4.0,-0.38
-0.38,4.0,-6.0,-0.059325155,1.7139572,0.0058306325,-6.0,4.0,-0.38
-0.38,4.0,-6.0,-0.05841732,1.932472,0.0036888495,-6.0,4.0,-0.38
-0.38,4.0,-6.0,-0.065778695,2.0642135,0.0002631732,-6.0,4.0,-0.38
-0.38,4.0,-6.0,-0.04717963,2.0523925,0.0040148604,-6.0,4.0,-0.38
-0.38,4.0,-6.0,-0.052471757,1.8753396,0.0015758388,-6.0,4.0,-0.38
-0.38,4.0,-6.0,-0.05423424,1.8268757,0.0012209718,-6.0,4.0,-0.38
-0.38,4.0,-6.0,-0.06159188,1.8414108,0.0030072306,-6.0,4.0,-0.38
-0.3,4.0,-3.0,-0.07162797,1.8335701,0.0016796807,-3.0,4.0,-0.3
-0.3,4.0,-3.0,-0.048960865,1.8329074,0.0032495807,-3.0,4.0,-0.3
-0.3,4.0,-3.0,-0.060896687,1.7497413,0.004216694,-3.0,4.0,-0.3
-0.3,4.0,-3.0,-0.05412313,1.8883743,0.0032371725,-3.0,4.0,-0.3
-0.3,4.0,-3.0,-0.059958417,1.9462969,0.003144256,-3.0,4.0,-0.3
-0.3,4.0,-3.0,-0.053455494,1.8637588,0.0029157156,-3.0,4.0,-0.3
-0.3,4.0,-3.0,-0.055246186,1.8817706,0.0012718218,-3.0,4.0,-0.3
-0.39,2.0,-3.0,-0.05677625,2.0500205,0.007817716,-3.0,2.0,-0.39
-0.39,2.0,-3.0,-0.06621224,2.1345012,0.005351588,-3.0,2.0,-0.39
-0.39,2.0,-3.0,-0.06094041,1.9619659,0.004556309,-3.0,2.0,-0.39
-0.39,2.0,-3.0,-0.06038567,1.8996097,0.004912513,-3.0,2.0,-0.39
-0.39,2.0,-3.0,-0.056230005,1.8220323,0.0012596913,-3.0,2.0,-0.39
-0.39,2.0,-3.0,-0.054720003,1.8015704,0.0020922755,-3.0,2.0,-0.39
-0.39,2.0,-3.0,-0.05137454,1.8408941,0.0020088882,-3.0,2.0,-0.39
-0.39,2.0,-3.0,-0.054941345,1.97209,0.0001483143,-3.0,2.0,-0.39
-0.3,2.0,-3.0,-0.046771374,2.0119061,0.0024512936,-3.0,2.0,-0.3
-0.3,2.0,-3.0,-0.061663225,1.9536499,0.0020489087,-3.0,2.0,-0.3
-0.3,2.0,-3.0,-0.050714795,1.6843226,0.0010546155,-3.0,2.0,-0.3
-0.3,2.0,-3.0,-0.053260867,1.6139605,0.0035352106,-3.0,2.0,-0.3
-0.3,2.0,-3.0,-0.04464511,1.6127396,0.002704131,-3.0,2.0,-0.3
-0.3,2.0,-3.0,-0.033397295,1.8700175,0.0017059393,-3.0,2.0,-0.3
-0.3,2.0,-3.0,-0.04433562,1.7692304,0.0026035851,-3.0,2.0,-0.3
-0.3,2.0,-3.0,-0.045609083,1.9715543,0.00408203,-3.0,2.0,-0.3
-0.3,2.0,-3.0,-0.04893358,2.061891,0.00073051266,-3.0,2.0,-0.3
-0.3,2.0,-3.0,-0.045451425,1.9783473,0.0015375795,-3.0,2.0,-0.3
-0.3,2.0,-3.0,-0.04195846,1.6688735,0.002417063,-3.0,2.0,-0.3
-0.3,2.0,-3.0,-0.047905367,1.7587503,0.0011772051,-3.0,2.0,-0.3
-0.3,2.0,-3.0,-0.05369924,1.9525417,0.0059961723,-3.0,2.0,-0.3
-0.3,2.0,-3.0,-0.056604672,1.8345731,0.0024786568,-3.0,2.0,-0.3
-0.3,2.0,-3.0,-0.057117563,1.7708709,0.0018761198,-3.0,2.0,-0.3
-0.28,2.0,-3.0,-0.05628798,1.7759321,0.0034299612,-3.0,2.0,-0.28
-0.28,2.0,-3.0,-0.05560694,1.8686012,0.00043509906,-3.0,2.0,-0.28
-0.28,2.0,-3.0,-0.05789308,1.872337,0.003903406,-3.0,2.0,-0.28
-0.28,2.0,-3.0,-0.062286202,1.7284094,0.0010099928,-3.0,2.0,-0.28
-0.28,2.0,-3.0,-0.050929926,1.8720744,0.0018395148,-3.0,2.0,-0.28
-0.28,2.0,-3.0,-0.052136518,1.967746,0.00076484645,-3.0,2.0,-0.28
-0.28,2.0,-3.0,-0.03848271,1.8883985,0.0008795465,-3.0,2.0,-0.28
-0.26,2.0,-3.0,-0.050022926,1.8246588,0.0006581216,-3.0,2.0,-0.26
-0.26,2.0,-3.0,-0.044013754,1.6338089,0.0019686662,-3.0,2.0,-0.26
-0.26,2.0,-3.0,-0.04906153,1.5284035,0.0010161499,-3.0,2.0,-0.26
-0.26,2.0,-3.0,-0.040912952,1.489087,0.0006606725,-3.0,2.0,-0.26
-0.26,2.0,-3.0,-0.043809038,1.8475754,0.00087440416,-3.0,2.0,-0.26
-0.26,2.0,-3.0,-0.045827698,2.016435,0.0008666595,-3.0,2.0,-0.26
-0.26,2.0,-3.0,-0.047862384,2.0137475,0.0010868072,-3.0,2.0,-0.26
-0.26,2.0,-3.0,-0.04815638,1.8230861,0.0017903044,-3.0,2.0,-0.26
-0.19,2.0,-3.0,-0.04890708,1.8405894,0.001354836,-3.0,2.0,-0.19
-0.19,2.0,-3.0,-0.05941187,1.6586736,0.0030549134,-3.0,2.0,-0.19
-0.19,2.0,-3.0,-0.055738162,1.5259366,0.0014639162,-3.0,2.0,-0.19
-0.19,2.0,-3.0,-0.055981167,1.4511195,0.002585199,-3.0,2.0,-0.19
-0.19,2.0,-3.0,-0.05276862,1.5712992,0.0042081317,-3.0,2.0,-0.19
-0.19,2.0,-3.0,-0.057806704,1.8147666,0.0037934666,-3.0,2.0,-0.19
-0.19,2.0,-3.0,-0.06098698,1.7090212,0.0022116462,-3.0,2.0,-0.19
-0.21,2.0,-3.0,-0.06638757,1.9483441,0.0010598047,-3.0,2.0,-0.21
-0.21,2.0,-3.0,-0.058047768,1.8287262,0.0012866971,-3.0,2.0,-0.21
-0.21,2.0,-3.0,-0.04640781,1.717644,0.0018577076,-3.0,2.0,-0.21
-0.21,2.0,-3.0,-0.058452208,1.7499003,0.0027808086,-3.0,2.0,-0.21
-0.21,2.0,-3.0,-0.051274255,1.4364854,0.008736967,-3.0,2.0,-0.21
-0.21,2.0,-3.0,-0.055491876,1.4505495,0.003601027,-3.0,2.0,-0.21
-0.21,2.0,-3.0,-0.04964119,1.5216919,0.0024060197,-3.0,2.0,-0.21
-0.21,2.0,-3.0,-0.054904666,1.8251793,0.0017944898,-3.0,2.0,-0.21
-0.22,2.0,-3.0,-0.056767624,1.8052138,0.007065536,-3.0,2.0,-0.22
-0.22,2.0,-3.0,-0.054094743,1.5620009,0.0056625083,-3.0,2.0,-0.22
-0.22,2.0,-3.0,-0.06300123,1.6745042,0.0019440094,-3.0,2.0,-0.22
-0.22,2.0,-3.0,-0.06295298,1.6770755,0.009146732,-3.0,2.0,-0.22
-0.22,2.0,-3.0,-0.057075348,1.6978854,0.0021821877,-3.0,2.0,-0.22
-0.22,2.0,-3.0,-0.052755214,1.9192108,0.0010739353,-3.0,2.0,-0.22
-0.22,2.0,-3.0,-0.060265347,1.7875247,0.0042073736,-3.0,2.0,-0.22
-0.38,2.0,-5.0,-0.055808853,1.6093004,0.0028092603,-5.0,2.0,-0.38
-0.38,2.0,-5.0,-0.056230955,1.662794,0.0013701966,-5.0,2.0,-0.38
-0.38,2.0,-5.0,-0.06716647,1.8900065,0.0020904941,-5.0,2.0,-0.38
-0.38,2.0,-5.0,-0.05366435,1.969488,0.007266442,-5.0,2.0,-0.38
-0.38,2.0,-5.0,-0.06789465,2.1232867,0.0010521695,-5.0,2.0,-0.38
-0.38,2.0,-5.0,-0.06309757,1.9203486,0.0028334206,-5.0,2.0,-0.38
-0.38,2.0,-5.0,-0.05035866,2.06947,0.002312233,-5.0,2.0,-0.38
-0.38,2.0,-5.0,-0.0593014,1.8213865,0.002281814,-5.0,2.0,-0.38
-0.43,2.0,-5.0,-0.057297155,1.7786537,0.0005674226,-5.0,2.0,-0.43
-0.43,2.0,-5.0,-0.04203935,1.7254531,0.00040652277,-5.0,2.0,-0.43
-0.43,2.0,-5.0,-0.046444613,1.8938789,0.0037055449,-5.0,2.0,-0.43
-0.43,2.0,-5.0,-0.057517983,1.9121952,0.0005638941,-5.0,2.0,-0.43
-0.43,2.0,-5.0,-0.0605606,1.9796885,0.0013861033,-5.0,2.0,-0.43
-0.43,2.0,-5.0,-0.049790367,1.9006675,0.00094592257,-5.0,2.0,-0.43
-0.43,2.0,-5.0,-0.04547906,1.9774379,0.0025575063,-5.0,2.0,-0.43
-0.38,2.0,-5.0,-0.050822694,2.065905,0.0007890705,-5.0,2.0,-0.38
-0.38,2.0,-5.0,-0.051531997,2.0613444,0.0027234305,-5.0,2.0,-0.38
-0.38,2.0,-5.0,-0.052095335,2.0213678,0.0033079672,-5.0,2.0,-0.38
