nan,nan,nan,-0.08776227,1.0433372,0.06692468,,,
nan,nan,nan,-0.09311981,1.040407,0.03727043,,,
nan,nan,nan,-0.07709375,1.1567243,0.014355665,,,
nan,nan,nan,-0.07694578,1.0842329,0.020799661,,,
nan,nan,nan,-0.07993523,1.0698199,0.032874625,,,
nan,nan,nan,-0.0762052,1.1085732,0.022422548,,,
nan,nan,nan,-0.08547149,1.0442063,0.03276881,,,
-30.6,-8.0,-46.0,-0.08919977,1.0537035,0.03982969,-23.0,-4.0,-15.3
-30.6,-8.0,-46.0,-0.07707966,1.0434976,0.028828263,-23.0,-4.0,-15.3
-30.6,-8.0,-46.0,-0.074104615,1.0936581,0.02443641,-23.0,-4.0,-15.3
-30.6,-8.0,-46.0,-0.0807534,1.0211124,0.036888063,-23.0,-4.0,-15.3
-30.6,-8.0,-46.0,-0.083177954,1.0421668,0.026572209,-23.0,-4.0,-15.3
-30.6,-8.0,-46.0,-0.07654894,1.0228299,0.019934649,-23.0,-4.0,-15.3
-30.6,-8.0,-46.0,-0.08454248,1.0612155,0.02470285,-23.0,-4.0,-15.3
-30.6,-8.0,-46.0,-0.08588274,1.0109569,0.03614166,-23.0,-4.0,-15.3
-28.8,-8.0,-56.0,-0.08770223,0.98002064,0.044127576,-28.0,-4.0,-14.4
-28.8,-8.0,-56.0,-0.087549835,0.976393,0.04615348,-28.0,-4.0,-14.4
-28.8,-8.0,-56.0,-0.07994757,1.0793682,0.036488693,-28.0,-4.0,-14.4
-28.8,-8.0,-56.0,-0.07996164,1.0401103,0.021029165,-28.0,-4.0,-14.4
-28.8,-8.0,-56.0,-0.08114456,0.981162,0.033113256,-28.0,-4.0,-14.4
-28.8,-8.0,-56.0,-0.08416063,1.0288727,0.044967182,-28.0,-4.0,-14.4
-28.8,-8.0,-56.0,-0.09145471,0.9864499,0.047156043,-28.0,-4.0,-14.4
-30.666666666666668,-8.0,-56.0,-0.08211455,0.97914433,0.032416195,-28.0,-4.0,-15.333333333333334
-30.666666666666668,-8.0,-56.0,-0.07669182,1.0151966,0.030321676,-28.0,-4.0,-15.333333333333334
-30.666666666666668,-8.0,-56.0,-0.08704511,0.9790389,0.049529895,-28.0,-4.0,-15.333333333333334
-30.666666666666668,-8.0,-56.0,-0.07990018,0.9798549,0.045250256,-28.0,-4.0,-15.333333333333334
-30.666666666666668,-8.0,-56.0,-0.08306492,0.9806567,0.03602592,-28.0,-4.0,-15.333333333333334
-30.666666666666668,-8.0,-56.0,-0.09001099,0.98884445,0.040797487,-28.0,-4.0,-15.333333333333334
-30.666666666666668,-8.0,-56.0,-0.084935136,0.985061,0.039972495,-28.0,-4.0,-15.333333333333334
-30.666666666666668,-8.0,-56.0,-0.0817316,1.0384856,0.02258042,-28.0,-4.0,-15.333333333333334
-30.95,-6.0,-56.0,-0.070472814,1.0233059,0.016220782,-28.0,-3.0,-15.475
-30.95,-6.0,-56.0,-0.086909056,0.9220364,0.03604281,-28.0,-3.0,-15.475
-30.95,-6.0,-56.0,-0.086055495,1.0304894,0.0510488,-28.0,-3.0,-15.475
-30.95,-6.0,-56.0,-0.096213035,0.9432218,0.04437866,-28.0,-3.0,-15.475
-30.95,-6.0,-56.0,-0.08643387,0.9803837,0.047270052,-28.0,-3.0,-15.475
-30.95,-6.0,-56.0,-0.08773907,0.97795814,0.047898524,-28.0,-3.0,-15.475
-30.95,-6.0,-56.0,-0.08662084,0.9024947,0.03740497,-28.0,-3.0,-15.475
-32.2,-6.0,-62.0,-0.086455196,1.0218285,0.045627195,-31.0,-3.0,-16.1
-32.2,-6.0,-62.0,-0.08236508,0.9939051,0.027960472,-31.0,-3.0,-16.1
-32.2,-6.0,-62.0,-0.08549396,0.92457354,0.029503446,-31.0,-3.0,-16.1
-32.2,-6.0,-62.0,-0.08187979,0.9601277,0.017631197,-31.0,-3.0,-16.1
-32.2,-6.0,-62.0,-0.07784527,0.9777606,0.02053001,-31.0,-3.0,-16.1
-32.2,-6.0,-62.0,-0.09304726,0.9544747,0.04015766,-31.0,-3.0,-16.1
-32.2,-6.0,-62.0,-0.08772643,0.9505161,0.033087816,-31.0,-3.0,-16.1
-32.2,-6.0,-62.0,-0.082226135,0.9813505,0.031802654,-31.0,-3.0,-16.1
-31.266666666666666,-2.0,-62.0,-0.08204171,1.0017934,0.024479536,-31.0,-1.0,-15.633333333333333
-31.266666666666666,-2.0,-62.0,-0.08537615,0.96839714,0.03782942,-31.0,-1.0,-15.633333333333333
-31.266666666666666,-2.0,-62.0,-0.07623075,0.99796516,0.020717166,-31.0,-1.0,-15.633333333333333
-31.266666666666666,-2.0,-62.0,-0.06994417,0.98787004,0.0105870515,-31.0,-1.0,-15.633333333333333
-31.266666666666666,-2.0,-62.0,-0.0701472,1.036151,0.02278588,-31.0,-1.0,-15.633333333333333
-31.266666666666666,-2.0,-62.0,-0.07662494,0.98436636,0.021472594,-31.0,-1.0,-15.633333333333333
-31.266666666666666,-2.0,-62.0,-0.07555723,0.9817309,0.017765133,-31.0,-1.0,-15.633333333333333
-29.285714285714285,-2.0,-62.0,-0.081265405,0.9456749,0.027855529,-31.0,-1.0,-14.642857142857142
-29.285714285714285,-2.0,-62.0,-0.08588362,0.9160797,0.03735362,-31.0,-1.0,-14.642857142857142
-29.285714285714285,-2.0,-62.0,-0.08225484,0.970353,0.026473856,-31.0,-1.0,-14.642857142857142
-29.285714285714285,-2.0,-62.0,-0.07481952,0.9516247,0.022843417,-31.0,-1.0,-14.642857142857142
-29.285714285714285,-2.0,-62.0,-0.080145575,0.94896317,0.025262972,-31.0,-1.0,-14.642857142857142
-29.285714285714285,-2.0,-62.0,-0.09069534,0.8758429,0.04386801,-31.0,-1.0,-14.642857142857142
-29.285714285714285,-2.0,-62.0,-0.081808135,0.97528875,0.034169436,-31.0,-1.0,-14.642857142857142
-29.285714285714285,-2.0,-62.0,-0.07272223,1.0325322,0.026165603,-31.0,-1.0,-14.642857142857142
-29.275,-2.0,-62.0,-0.08408306,0.9589185,0.03235871,-31.0,-1.0,-14.6375
-29.275,-2.0,-62.0,-0.08652579,0.90705186,0.036419492,-31.0,-1.0,-14.6375
-29.275,-2.0,-62.0,-0.07235149,0.84240544,0.0146289235,-31.0,-1.0,-14.6375
-29.275,-2.0,-62.0,-0.083601825,0.9303729,0.034442525,-31.0,-1.0,-14.6375
-29.275,-2.0,-62.0,-0.07048983,1.0101702,0.027006844,-31.0,-1.0,-14.6375
-29.275,-2.0,-62.0,-0.07175298,0.98729986,0.026213873,-31.0,-1.0,-14.6375
-29.275,-2.0,-62.0,-0.08127544,0.95325387,0.043193955,-31.0,-1.0,-14.6375
-28.77777777777778,-2.0,-62.0,-0.08740878,0.8922278,0.037139583,-31.0,-1.0,-14.38888888888889
-28.77777777777778,-2.0,-62.0,-0.08247171,0.95675343,0.02384179,-31.0,-1.0,-14.38888888888889
-28.77777777777778,-2.0,-62.0,-0.073037036,0.91750723,0.028444974,-31.0,-1.0,-14.38888888888889
-28.77777777777778,-2.0,-62.0,-0.08551435,0.92715836,0.031137098,-31.0,-1.0,-14.38888888888889
-28.77777777777778,-2.0,-62.0,-0.08346064,0.947775,0.03155735,-31.0,-1.0,-14.38888888888889
-28.77777777777778,-2.0,-62.0,-0.07988723,0.89316,0.030990187,-31.0,-1.0,-14.38888888888889
-28.77777777777778,-2.0,-62.0,-0.079583645,0.88378716,0.026063293,-31.0,-1.0,-14.38888888888889
-28.77777777777778,-2.0,-62.0,-0.06851428,0.88122535,0.0121635385,-31.0,-1.0,-14.38888888888889
-28.32,-2.0,-62.0,-0.06066839,0.89425534,0.015389309,-31.0,-1.0,-14.16
-28.32,-2.0,-62.0,-0.08303303,0.970562,0.026421683,-31.0,-1.0,-14.16
-28.32,-2.0,-62.0,-0.0804808,0.9449893,0.024703972,-31.0,-1.0,-14.16
-28.32,-2.0,-62.0,-0.07892738,0.9381377,0.025761338,-31.0,-1.0,-14.16
-28.32,-2.0,-62.0,-0.07435532,0.88823444,0.02370045,-31.0,-1.0,-14.16
-28.32,-2.0,-62.0,-0.08053205,0.88164544,0.029099591,-31.0,-1.0,-14.16
-28.32,-2.0,-62.0,-0.085914806,0.9090923,0.03065234,-31.0,-1.0,-14.16
-27.9,-2.0,-62.0,-0.089331105,0.9838387,0.030551996,-31.0,-1.0,-13.95
-27.9,-2.0,-62.0,-0.08165218,0.95794463,0.028338416,-31.0,-1.0,-13.95
-27.9,-2.0,-62.0,-0.07827129,0.881985,0.020169888,-31.0,-1.0,-13.95
-27.9,-2.0,-62.0,-0.09183012,0.89214295,0.049646474,-31.0,-1.0,-13.95
-27.9,-2.0,-62.0,-0.08736382,1.028159,0.028700018,-31.0,-1.0,-13.95
-27.9,-2.0,-62.0,-0.07220996,0.993579,0.02556731,-31.0,-1.0,-13.95
-27.9,-2.0,-62.0,-0.08603608,0.93549925,0.03884779,-31.0,-1.0,-13.95
-27.9,-2.0,-62.0,-0.08308558,0.93350524,0.029962193,-31.0,-1.0,-13.95
-27.8,-2.0,-62.0,-0.085962705,0.92109084,0.027634889,-31.0,-1.0,-13.9
-27.8,-2.0,-62.0,-0.0846021,0.9911892,0.027702328,-31.0,-1.0,-13.9
-27.8,-2.0,-62.0,-0.08354298,0.9781679,0.036432896,-31.0,-1.0,-13.9
-27.8,-2.0,-62.0,-0.08472313,0.88395447,0.031599216,-31.0,-1.0,-13.9
-27.8,-2.0,-62.0,-0.08062987,0.87259066,0.022646675,-31.0,-1.0,-13.9
-27.8,-2.0,-62.0,-0.0713189,0.9390685,0.020369701,-31.0,-1.0,-13.9
-27.8,-2.0,-62.0,-0.077808745,0.9471161,0.02568635,-31.0,-1.0,-13.9
-26.76,-2.0,-62.0,-0.07885566,0.9281432,0.029562587,-31.0,-1.0,-13.38
-26.76,-2.0,-62.0,-0.0793368,0.90756327,0.030372497,-31.0,-1.0,-13.38
-26.76,-2.0,-62.0,-0.06688476,1.015709,0.020019852,-31.0,-1.0,-13.38
-26.76,-2.0,-62.0,-0.08210737,0.9170419,0.030145768,-31.0,-1.0,-13.38
-26.76,-2.0,-62.0,-0.077651136,0.89963955,0.03442492,-31.0,-1.0,-13.38
-26.76,-2.0,-62.0,-0.08948675,0.82781637,0.036372762,-31.0,-1.0,-13.38
-26.76,-2.0,-62.0,-0.08346618,0.9059026,0.032571502,-31.0,-1.0,-13.38
-26.76,-2.0,-62.0,-0.08109633,0.8800004,0.027357554,-31.0,-1.0,-13.38
-26.94,-2.0,-62.0,-0.078447804,0.8857728,0.04015231,-31.0,-1.0,-13.47
-26.94,-2.0,-62.0,-0.084255554,0.8979523,0.03471164,-31.0,-1.0,-13.47
-26.94,-2.0,-62.0,-0.08338436,0.87607616,0.03454016,-31.0,-1.0,-13.47
-26.94,-2.0,-62.0,-0.07944606,0.8907355,0.03367906,-31.0,-1.0,-13.47
-26.94,-2.0,-62.0,-0.07898811,0.8448075,0.026947547,-31.0,-1.0,-13.47
-26.94,-2.0,-62.0,-0.082594655,0.81122595,0.03225711,-31.0,-1.0,-13.47
-26.94,-2.0,-62.0,-0.07357621,0.8994161,0.027809305,-31.0,-1.0,-13.47
-26.22,-2.0,-54.0,-0.078964904,0.92026633,0.029731007,-27.0,-1.0,-13.11
-26.22,-2.0,-54.0,-0.08438353,0.89986724,0.036151912,-27.0,-1.0,-13.11
-26.22,-2.0,-54.0,-0.08213145,0.8961732,0.032065287,-27.0,-1.0,-13.11
-26.22,-2.0,-54.0,-0.07723971,0.9638131,0.02795676,-27.0,-1.0,-13.11
-26.22,-2.0,-54.0,-0.08179014,0.8862773,0.02984286,-27.0,-1.0,-13.11
-26.22,-2.0,-54.0,-0.07734408,0.924419,0.040665094,-27.0,-1.0,-13.11
-26.22,-2.0,-54.0,-0.08000738,0.89473474,0.03571343,-27.0,-1.0,-13.11
-26.22,-2.0,-54.0,-0.07142262,0.911635,0.022078956,-27.0,-1.0,-13.11
-26.26,-4.0,-60.0,-0.07631564,0.91393316,0.023910483,-30.0,-2.0,-13.13
-26.26,-4.0,-60.0,-0.08071073,0.9091337,0.032196835,-30.0,-2.0,-13.13
-26.26,-4.0,-60.0,-0.07861732,0.9139562,0.035616796,-30.0,-2.0,-13.13
-26.26,-4.0,-60.0,-0.075956136,0.9436195,0.03482748,-30.0,-2.0,-13.13
-26.26,-4.0,-60.0,-0.07910625,0.95632464,0.025853902,-30.0,-2.0,-13.13
-26.26,-4.0,-60.0,-0.08755326,0.87070346,0.04142842,-30.0,-2.0,-13.13
-26.26,-4.0,-60.0,-0.08625464,0.89305407,0.049281765,-30.0,-2.0,-13.13
-27.86,-4.0,-60.0,-0.08607068,0.8889023,0.055620167,-30.0,-2.0,-13.93
-27.86,-4.0,-60.0,-0.070415445,0.9794359,0.0165045,-30.0,-2.0,-13.93
-27.86,-4.0,-60.0,-0.0730613,0.89719266,0.026629072,-30.0,-2.0,-13.93
-27.86,-4.0,-60.0,-0.076215185,0.88885474,0.033192232,-30.0,-2.0,-13.93
-27.86,-4.0,-60.0,-0.069303036,0.8871446,0.027270563,-30.0,-2.0,-13.93
-27.86,-4.0,-60.0,-0.07601475,0.98207444,0.016035296,-30.0,-2.0,-13.93
-27.86,-4.0,-60.0,-0.07845208,0.913828,0.03136778,-30.0,-2.0,-13.93
-27.86,-4.0,-60.0,-0.085630514,0.92261964,0.047448736,-30.0,-2.0,-13.93
-27.26,-4.0,-60.0,-0.08405056,0.96434224,0.027103866,-30.0,-2.0,-13.63
-27.26,-4.0,-60.0,-0.07000146,0.97054154,0.018533718,-30.0,-2.0,-13.63
-27.26,-4.0,-60.0,-0.07740038,0.93754786,0.029080141,-30.0,-2.0,-13.63
-27.26,-4.0,-60.0,-0.07460432,0.99849063,0.023667555,-30.0,-2.0,-13.63
-27.26,-4.0,-60.0,-0.07217472,0.9693438,0.021915555,-30.0,-2.0,-13.63
-27.26,-4.0,-60.0,-0.073666655,0.9740384,0.016659506,-30.0,-2.0,-13.63
-27.26,-4.0,-60.0,-0.080187626,0.893337,0.024544068,-30.0,-2.0,-13.63
-27.14,-4.0,-60.0,-0.079237565,0.9275009,0.032531302,-30.0,-2.0,-13.57
-27.14,-4.0,-60.0,-0.07602969,0.9586227,0.026818994,-30.0,-2.0,-13.57
-27.14,-4.0,-60.0,-0.077997275,0.9050233,0.027877873,-30.0,-2.0,-13.57
-27.14,-4.0,-60.0,-0.07960798,0.8608662,0.03683347,-30.0,-2.0,-13.57
-27.14,-4.0,-60.0,-0.087064125,0.92696095,0.035788666,-30.0,-2.0,-13.57
-27.14,-4.0,-60.0,-0.0851139,0.8730242,0.039259758,-30.0,-2.0,-13.57
-27.14,-4.0,-60.0,-0.0786477,0.8258078,0.026130673,-30.0,-2.0,-13.57
-27.14,-4.0,-60.0,-0.06774794,0.8650799,0.012906491,-30.0,-2.0,-13.57
-27.34,-4.0,-60.0,-0.08052269,0.8484995,0.028696632,-30.0,-2.0,-13.67
-27.34,-4.0,-60.0,-0.08761098,0.90464455,0.034486517,-30.0,-2.0,-13.67
-27.34,-4.0,-60.0,-0.079679444,0.8900904,0.033044778,-30.0,-2.0,-13.67
-27.34,-4.0,-60.0,-0.07849174,0.88680285,0.032359235,-30.0,-2.0,-13.67
-27.34,-4.0,-60.0,-0.07746399,0.977409,0.031007515,-30.0,-2.0,-13.67
-27.34,-4.0,-60.0,-0.064134456,1.026231,0.019913372,-30.0,-2.0,-13.67
-27.34,-4.0,-60.0,-0.08182265,0.9756419,0.029104643,-30.0,-2.0,-13.67
-27.16,-4.0,-60.0,-0.082983054,0.9166173,0.05642931,-30.0,-2.0,-13.58
-27.16,-4.0,-60.0,-0.08865865,0.89297014,0.04873332,-30.0,-2.0,-13.58
-27.16,-4.0,-60.0,-0.090793304,0.8912394,0.047360875,-30.0,-2.0,-13.58
-27.16,-4.0,-60.0,-0.08629988,0.9350109,0.03223891,-30.0,-2.0,-13.58
-27.16,-4.0,-60.0,-0.07457385,0.983506,0.018960292,-30.0,-2.0,-13.58
-27.16,-4.0,-60.0,-0.08783719,0.86407554,0.035367902,-30.0,-2.0,-13.58
-27.16,-4.0,-60.0,-0.082191676,0.92690605,0.023524778,-30.0,-2.0,-13.58
-27.16,-4.0,-60.0,-0.07714448,0.9731933,0.025003875,-30.0,-2.0,-13.58
-27.38,-4.0,-60.0,-0.07032682,0.922999,0.019681593,-30.0,-2.0,-13.69
-27.38,-4.0,-60.0,-0.08020499,0.8738542,0.028230302,-30.0,-2.0,-13.69
-27.38,-4.0,-60.0,-0.07965387,0.8811479,0.030441932,-30.0,-2.0,-13.69
-27.38,-4.0,-60.0,-0.077166945,0.92269266,0.023842596,-30.0,-2.0,-13.69
-27.38,-4.0,-60.0,-0.08403386,0.84015733,0.040208627,-30.0,-2.0,-13.69
-27.38,-4.0,-60.0,-0.087369226,0.810591,0.035857245,-30.0,-2.0,-13.69
-27.38,-4.0,-60.0,-0.079489574,0.9200986,0.033521153,-30.0,-2.0,-13.69
-27.46,-4.0,-60.0,-0.07853443,0.961774,0.03063213,-30.0,-2.0,-13.73
-27.46,-4.0,-60.0,-0.07738463,0.9042262,0.030830242,-30.0,-2.0,-13.73
-27.46,-4.0,-60.0,-0.0803721,0.9007362,0.03533298,-30.0,-2.0,-13.73
-27.46,-4.0,-60.0,-0.07852149,0.97463405,0.030581117,-30.0,-2.0,-13.73
-27.46,-4.0,-60.0,-0.08116075,0.9540864,0.035998985,-30.0,-2.0,-13.73
-27.46,-4.0,-60.0,-0.084582105,0.9057056,0.03391883,-30.0,-2.0,-13.73
-27.46,-4.0,-60.0,-0.08637778,0.89747643,0.05020126,-30.0,-2.0,-13.73
-27.46,-4.0,-60.0,-0.07701861,0.9941766,0.024775906,-30.0,-2.0,-13.73
-27.3,-4.0,-60.0,-0.08308621,0.8899051,0.03908962,-30.0,-2.0,-13.65
-27.3,-4.0,-60.0,-0.0809127,0.8696425,0.035511624,-30.0,-2.0,-13.65
-27.3,-4.0,-60.0,-0.0796291,0.9596754,0.025225183,-30.0,-2.0,-13.65
-27.3,-4.0,-60.0,-0.08100434,0.95218533,0.03193984,-30.0,-2.0,-13.65
-27.3,-4.0,-60.0,-0.073421955,1.0107988,0.029405314,-30.0,-2.0,-13.65
-27.3,-4.0,-60.0,-0.08252127,0.88970083,0.04092493,-30.0,-2.0,-13.65
-27.3,-4.0,-60.0,-0.08015542,0.83723664,0.022098443,-30.0,-2.0,-13.65
-26.78,-4.0,-60.0,-0.0762996,0.8717502,0.02723951,-30.0,-2.0,-13.39
-26.78,-4.0,-60.0,-0.071091555,0.8769081,0.024929108,-30.0,-2.0,-13.39
-26.78,-4.0,-60.0,-0.08026687,0.8733986,0.030089112,-30.0,-2.0,-13.39
-26.78,-4.0,-60.0,-0.08471688,0.87211347,0.027281143,-30.0,-2.0,-13.39
-26.78,-4.0,-60.0,-0.09049751,0.8147633,0.039423738,-30.0,-2.0,-13.39
-26.78,-4.0,-60.0,-0.08844754,0.8433829,0.041334964,-30.0,-2.0,-13.39
-26.78,-4.0,-60.0,-0.085426934,0.8765851,0.036336925,-30.0,-2.0,-13.39
-26.78,-4.0,-60.0,-0.08069548,0.9251341,0.029464405,-30.0,-2.0,-13.39
-27.18,-6.0,-58.0,-0.08689889,0.8844849,0.04500294,-29.0,-3.0,-13.59
-27.18,-6.0,-58.0,-0.08149816,0.90519243,0.028375635,-29.0,-3.0,-13.59
-27.18,-6.0,-58.0,-0.06710219,0.9623015,0.011437724,-29.0,-3.0,-13.59
-27.18,-6.0,-58.0,-0.068207674,0.95506614,0.01920443,-29.0,-3.0,-13.59
-27.18,-6.0,-58.0,-0.07334443,0.91722226,0.014315141,-29.0,-3.0,-13.59
-27.18,-6.0,-58.0,-0.082573414,0.89090383,0.038596816,-29.0,-3.0,-13.59
-27.18,-6.0,-58.0,-0.0831321,0.9065682,0.029211381,-29.0,-3.0,-13.59
-26.12,-4.0,-58.0,-0.08440248,0.94131446,0.037917964,-29.0,-2.0,-13.06
-26.12,-4.0,-58.0,-0.0820154,0.8989083,0.033120763,-29.0,-2.0,-13.06
-26.12,-4.0,-58.0,-0.07689009,0.9212166,0.042557485,-29.0,-2.0,-13.06
-26.12,-4.0,-58.0,-0.07732361,0.9556893,0.027819166,-29.0,-2.0,-13.06
-26.12,-4.0,-58.0,-0.07527904,0.9317112,0.02494067,-29.0,-2.0,-13.06
-26.12,-4.0,-58.0,-0.0861832,0.8421234,0.038344994,-29.0,-2.0,-13.06
-26.12,-4.0,-58.0,-0.08757949,0.8511158,0.0509757,-29.0,-2.0,-13.06
-26.12,-4.0,-58.0,-0.07863781,0.86403334,0.03425188,-29.0,-2.0,-13.06
-26.94,-4.0,-66.0,-0.08410821,0.8344909,0.049221795,-33.0,-2.0,-13.47
-26.94,-4.0,-66.0,-0.080401815,0.8755988,0.03813346,-33.0,-2.0,-13.47
-26.94,-4.0,-66.0,-0.06770182,0.93899256,0.012286083,-33.0,-2.0,-13.47
-26.94,-4.0,-66.0,-0.073685065,0.97639126,0.023681628,-33.0,-2.0,-13.47
-26.94,-4.0,-66.0,-0.084621914,0.9149903,0.040617168,-33.0,-2.0,-13.47
-26.94,-4.0,-66.0,-0.08601547,0.8783821,0.031127887,-33.0,-2.0,-13.47
-26.94,-4.0,-66.0,-0.08358727,0.85079056,0.030499982,-33.0,-2.0,-13.47
-26.96,-4.0,-66.0,-0.0817542,0.8929024,0.033175807,-33.0,-2.0,-13.48
-26.96,-4.0,-66.0,-0.07700397,0.9472261,0.020850409,-33.0,-2.0,-13.48
-26.96,-4.0,-66.0,-0.07987159,0.8590609,0.023951499,-33.0,-2.0,-13.48
-26.96,-4.0,-66.0,-0.06767688,0.9180382,0.013095555,-33.0,-2.0,-13.48
-26.96,-4.0,-66.0,-0.07279707,0.9322613,0.022152474,-33.0,-2.0,-13.48
-26.96,-4.0,-66.0,-0.083510414,0.8884714,0.03548684,-33.0,-2.0,-13.48
-26.96,-4.0,-66.0,-0.08503086,0.91750723,0.027467916,-33.0,-2.0,-13.48
-26.96,-4.0,-66.0,-0.0806389,0.97738254,0.0232792,-33.0,-2.0,-13.48
-26.56,-2.0,-66.0,-0.08142467,0.88430554,0.04271772,-33.0,-1.0,-13.28
-26.56,-2.0,-66.0,-0.0733589,0.9433257,0.028210402,-33.0,-1.0,-13.28
-26.56,-2.0,-66.0,-0.08140375,0.9273116,0.0288925,-33.0,-1.0,-13.28
-26.56,-2.0,-66.0,-0.08210746,0.87183774,0.028426977,-33.0,-1.0,-13.28
-26.56,-2.0,-66.0,-0.083291054,0.927235,0.034467984,-33.0,-1.0,-13.28
-26.56,-2.0,-66.0,-0.07943263,0.93111026,0.024271814,-33.0,-1.0,-13.28
-26.56,-2.0,-66.0,-0.08535525,0.9105991,0.04678447,-33.0,-1.0,-13.28
-26.92,-2.0,-66.0,-0.083342776,0.8838331,0.040599577,-33.0,-1.0,-13.46
-26.92,-2.0,-66.0,-0.0785047,0.91448,0.038165987,-33.0,-1.0,-13.46
-26.92,-2.0,-66.0,-0.07888074,0.8773963,0.029744796,-33.0,-1.0,-13.46
-26.92,-2.0,-66.0,-0.087375976,0.8548154,0.041791897,-33.0,-1.0,-13.46
-26.92,-2.0,-66.0,-0.07413293,0.91139424,0.044563197,-33.0,-1.0,-13.46
-26.92,-2.0,-66.0,-0.072907805,0.9774152,0.053705763,-33.0,-1.0,-13.46
-26.92,-2.0,-66.0,-0.082656816,0.9318352,0.038163897,-33.0,-1.0,-13.46
-26.92,-2.0,-66.0,-0.073546045,0.92476207,0.019565273,-33.0,-1.0,-13.46
-27.0,-2.0,-66.0,-0.082710385,0.8598386,0.032818165,-33.0,-1.0,-13.5
-27.0,-2.0,-66.0,-0.08735971,0.83680385,0.032252073,-33.0,-1.0,-13.5
-27.0,-2.0,-66.0,-0.080080025,0.88227725,0.04499592,-33.0,-1.0,-13.5
-27.0,-2.0,-66.0,-0.07488907,0.9450709,0.017480122,-33.0,-1.0,-13.5
-27.0,-2.0,-66.0,-0.07336034,0.9115279,0.018872796,-33.0,-1.0,-13.5
-27.0,-2.0,-66.0,-0.07311907,0.90592575,0.019014232,-33.0,-1.0,-13.5
-27.0,-2.0,-66.0,-0.07307855,0.9031673,0.02199955,-33.0,-1.0,-13.5
-26.6,0.0,-66.0,-0.082098715,0.83920014,0.03800722,-33.0,0.0,-13.3
-26.6,0.0,-66.0,-0.083073445,0.87159514,0.02792981,-33.0,0.0,-13.3
-26.6,0.0,-66.0,-0.080309756,0.9266352,0.03260455,-33.0,0.0,-13.3
-26.6,0.0,-66.0,-0.08739218,0.8876265,0.03447995,-33.0,0.0,-13.3
-26.6,0.0,-66.0,-0.0867281,0.8836548,0.03324381,-33.0,0.0,-13.3
-26.6,0.0,-66.0,-0.089573644,0.8698846,0.049575787,-33.0,0.0,-13.3
-26.6,0.0,-66.0,-0.07914181,0.8478213,0.038081825,-33.0,0.0,-13.3
-26.6,0.0,-66.0,-0.078899756,0.91759324,0.0302306,-33.0,0.0,-13.3
-26.3,0.0,-66.0,-0.085142665,0.8414526,0.032657567,-33.0,0.0,-13.15
-26.3,0.0,-66.0,-0.09039926,0.83899206,0.05052415,-33.0,0.0,-13.15
-26.3,0.0,-66.0,-0.0849223,0.8329705,0.036323234,-33.0,0.0,-13.15
-26.3,0.0,-66.0,-0.08794868,0.8923879,0.0367406,-33.0,0.0,-13.15
-26.3,0.0,-66.0,-0.07796505,0.9004804,0.03209629,-33.0,0.0,-13.15
-26.3,0.0,-66.0,-0.07495344,0.9146443,0.021773996,-33.0,0.0,-13.15
-26.3,0.0,-66.0,-0.0694304,0.97838247,0.01010326,-33.0,0.0,-13.15
-26.48,0.0,-66.0,-0.07311403,0.9599706,0.027317313,-33.0,0.0,-13.24
-26.48,0.0,-66.0,-0.08013488,0.85034335,0.03620349,-33.0,0.0,-13.24
-26.48,0.0,-66.0,-0.07038381,0.9128811,0.01575788,-33.0,0.0,-13.24
-26.48,0.0,-66.0,-0.069911785,0.96345305,0.018734623,-33.0,0.0,-13.24
-26.48,0.0,-66.0,-0.083674364,0.887006,0.0293448,-33.0,0.0,-13.24
-26.48,0.0,-66.0,-0.084354274,0.8649469,0.03160758,-33.0,0.0,-13.24
-26.48,0.0,-66.0,-0.08161601,0.90742403,0.036486916,-33.0,0.0,-13.24
-26.48,0.0,-66.0,-0.09703138,0.83496016,0.060056783,-33.0,0.0,-13.24
-26.22,0.0,-66.0,-0.0926703,0.83720434,0.0647626,-33.0,0.0,-13.11
-26.22,0.0,-66.0,-0.0838479,0.778094,0.035213437,-33.0,0.0,-13.11
-26.22,0.0,-66.0,-0.08482239,0.8026541,0.03467466,-33.0,0.0,-13.11
-26.22,0.0,-66.0,-0.08504976,0.8246138,0.03669889,-33.0,0.0,-13.11
-26.22,0.0,-66.0,-0.078886524,0.86631477,0.03901412,-33.0,0.0,-13.11
-26.22,0.0,-66.0,-0.07963583,0.8634432,0.034098957,-33.0,0.0,-13.11
-26.22,0.0,-66.0,-0.08739608,0.84172785,0.042226147,-33.0,0.0,-13.11
-27.26,0.0,-66.0,-0.087414615,0.84216744,0.046761002,-33.0,0.0,-13.63
-27.26,0.0,-66.0,-0.07689072,0.8982727,0.0329598,-33.0,0.0,-13.63
-27.26,0.0,-66.0,-0.07920967,0.87789655,0.028072257,-33.0,0.0,-13.63
-27.26,0.0,-66.0,-0.08489255,0.86306834,0.040251113,-33.0,0.0,-13.63
-27.26,0.0,-66.0,-0.085964344,0.8662418,0.04953536,-33.0,0.0,-13.63
-27.26,0.0,-66.0,-0.08861811,0.8391233,0.054797154,-33.0,0.0,-13.63
-27.26,0.0,-66.0,-0.07011474,0.8925813,0.017557442,-33.0,0.0,-13.63
-27.26,0.0,-66.0,-0.065154985,0.9097504,0.024086017,-33.0,0.0,-13.63
-26.76,0.0,-58.0,-0.06568384,0.95908964,0.014179466,-29.0,0.0,-13.38
-26.76,0.0,-58.0,-0.06515179,0.88385457,0.01552285,-29.0,0.0,-13.38
-26.76,0.0,-58.0,-0.07884393,0.8603757,0.039217193,-29.0,0.0,-13.38
-26.76,0.0,-58.0,-0.08966705,0.8086156,0.04124262,-29.0,0.0,-13.38
-26.76,0.0,-58.0,-0.09079733,0.8209086,0.046168398,-29.0,0.0,-13.38
-26.76,0.0,-58.0,-0.08134505,0.8183928,0.029396366,-29.0,0.0,-13.38
-26.76,0.0,-58.0,-0.08204369,0.8488359,0.045813274,-29.0,0.0,-13.38
-26.94,0.0,-58.0,-0.081212156,0.8961585,0.032450557,-29.0,0.0,-13.47
-26.94,0.0,-58.0,-0.08271955,0.88482374,0.036356997,-29.0,0.0,-13.47
-26.94,0.0,-58.0,-0.081167415,0.878141,0.029371507,-29.0,0.0,-13.47
-26.94,0.0,-58.0,-0.082661316,0.84808886,0.042422976,-29.0,0.0,-13.47
-26.94,0.0,-58.0,-0.0742847,0.8548677,0.0249409,-29.0,0.0,-13.47
-26.94,0.0,-58.0,-0.08638994,0.88122547,0.043031823,-29.0,0.0,-13.47
-26.94,0.0,-58.0,-0.08365073,0.8244909,0.034109227,-29.0,0.0,-13.47
-26.94,0.0,-58.0,-0.07927596,0.8184155,0.035794258,-29.0,0.0,-13.47
-27.74,0.0,-58.0,-0.07271175,0.82721084,0.026200805,-29.0,0.0,-13.87
-27.74,0.0,-58.0,-0.08043899,0.8420482,0.034047358,-29.0,0.0,-13.87
-27.74,0.0,-58.0,-0.09287589,0.7764151,0.05096005,-29.0,0.0,-13.87
-27.74,0.0,-58.0,-0.08803369,0.7776155,0.044023313,-29.0,0.0,-13.87
-27.74,0.0,-58.0,-0.080190055,0.83728725,0.035767086,-29.0,0.0,-13.87
-27.74,0.0,-58.0,-0.08145308,0.848978,0.03416555,-29.0,0.0,-13.87
-27.74,0.0,-58.0,-0.08703801,0.78305113,0.044153366,-29.0,0.0,-13.87
-28.08,0.0,-74.0,-0.07885162,0.7477284,0.039297875,-37.0,0.0,-14.04
-28.08,0.0,-74.0,-0.07990422,0.82451475,0.027743367,-37.0,0.0,-14.04
-28.08,0.0,-74.0,-0.0822114,0.81276476,0.03603332,-37.0,0.0,-14.04
-28.08,0.0,-74.0,-0.089083396,0.79918426,0.045210347,-37.0,0.0,-14.04
-28.08,0.0,-74.0,-0.07104529,0.8171042,0.024461174,-37.0,0.0,-14.04
-28.08,0.0,-74.0,-0.06981533,0.8108833,0.026358506,-37.0,0.0,-14.04
-28.08,0.0,-74.0,-0.092044406,0.7841934,0.052604303,-37.0,0.0,-14.04
-28.08,0.0,-74.0,-0.08232639,0.7919051,0.042954054,-37.0,0.0,-14.04
-28.26,0.0,-74.0,-0.0850633,0.81241184,0.04297215,-37.0,0.0,-14.13
-28.26,0.0,-74.0,-0.082790725,0.80629075,0.038430505,-37.0,0.0,-14.13
-28.26,0.0,-74.0,-0.081697576,0.7692261,0.033960957,-37.0,0.0,-14.13
-28.26,0.0,-74.0,-0.08268101,0.7914364,0.044771038,-37.0,0.0,-14.13
-28.26,0.0,-74.0,-0.078200705,0.8351761,0.039418776,-37.0,0.0,-14.13
-28.26,0.0,-74.0,-0.07998088,0.8550074,0.027827172,-37.0,0.0,-14.13
-28.26,0.0,-74.0,-0.08364802,0.8072371,0.037488747,-37.0,0.0,-14.13
-28.9,-4.0,-74.0,-0.08477421,0.8041597,0.0474742,-37.0,-2.0,-14.45
-28.9,-4.0,-74.0,-0.08481541,0.83712274,0.04619633,-37.0,-2.0,-14.45
-28.9,-4.0,-74.0,-0.0794136,0.84286207,0.033188093,-37.0,-2.0,-14.45
-28.9,-4.0,-74.0,-0.07852059,0.81240463,0.03302019,-37.0,-2.0,-14.45
-28.9,-4.0,-74.0,-0.07742597,0.85639447,0.03303083,-37.0,-2.0,-14.45
-28.9,-4.0,-74.0,-0.07263683,0.82490706,0.029441673,-37.0,-2.0,-14.45
-28.9,-4.0,-74.0,-0.07505425,0.8426703,0.013287674,-37.0,-2.0,-14.45
-28.9,-4.0,-74.0,-0.08495364,0.82204765,0.029933657,-37.0,-2.0,-14.45
-28.52,-4.0,-74.0,-0.08746867,0.79626846,0.038570292,-37.0,-2.0,-14.26
-28.52,-4.0,-74.0,-0.08657353,0.8124502,0.03527863,-37.0,-2.0,-14.26
-28.52,-4.0,-74.0,-0.08150257,0.83943397,0.038267966,-37.0,-2.0,-14.26
-28.52,-4.0,-74.0,-0.07310292,0.8321997,0.025067817,-37.0,-2.0,-14.26
-28.52,-4.0,-74.0,-0.0787573,0.84714293,0.024975864,-37.0,-2.0,-14.26
-28.52,-4.0,-74.0,-0.08419227,0.8397195,0.03897842,-37.0,-2.0,-14.26
-28.52,-4.0,-74.0,-0.08507194,0.87426335,0.03145962,-37.0,-2.0,-14.26
-28.64,-4.0,-74.0,-0.086668365,0.8181614,0.034163233,-37.0,-2.0,-14.32
-28.64,-4.0,-74.0,-0.08483672,0.8297905,0.05234475,-37.0,-2.0,-14.32
-28.64,-4.0,-74.0,-0.076781556,0.85469764,0.03188009,-37.0,-2.0,-14.32
-28.64,-4.0,-74.0,-0.074630566,0.9460944,0.021112299,-37.0,-2.0,-14.32
-28.64,-4.0,-74.0,-0.07407379,0.936269,0.014998405,-37.0,-2.0,-14.32
-28.64,-4.0,-74.0,-0.07073784,0.8647942,0.029777499,-37.0,-2.0,-14.32
-28.64,-4.0,-74.0,-0.07971454,0.86393166,0.044151474,-37.0,-2.0,-14.32
-28.64,-4.0,-74.0,-0.090162516,0.8468627,0.045467798,-37.0,-2.0,-14.32
-28.64,-4.0,-74.0,-0.08120437,0.861239,0.032487564,-37.0,-2.0,-14.32
-28.64,-4.0,-74.0,-0.08200934,0.8030997,0.03876883,-37.0,-2.0,-14.32
-28.64,-4.0,-74.0,-0.08690786,0.7911635,0.033359792,-37.0,-2.0,-14.32
-28.64,-4.0,-74.0,-0.08403932,0.8482511,0.033626515,-37.0,-2.0,-14.32
-28.64,-4.0,-74.0,-0.08763582,0.8299828,0.048498765,-37.0,-2.0,-14.32
-28.64,-4.0,-74.0,-0.08925052,0.84064907,0.047910236,-37.0,-2.0,-14.32
-28.64,-4.0,-74.0,-0.080916524,0.8420942,0.04034674,-37.0,-2.0,-14.32
-28.24,-4.0,-74.0,-0.07619343,0.85117024,0.027870174,-37.0,-2.0,-14.12
-28.24,-4.0,-74.0,-0.088114895,0.81445974,0.0374214,-37.0,-2.0,-14.12
-28.24,-4.0,-74.0,-0.086799726,0.91698277,0.045763507,-37.0,-2.0,-14.12
-28.24,-4.0,-74.0,-0.08579168,0.840628,0.040747624,-37.0,-2.0,-14.12
-28.24,-4.0,-74.0,-0.084618025,0.8233029,0.032864463,-37.0,-2.0,-14.12
-28.24,-4.0,-74.0,-0.087903425,0.8095786,0.045949806,-37.0,-2.0,-14.12
-28.24,-4.0,-74.0,-0.083083175,0.84213907,0.03525758,-37.0,-2.0,-14.12
-28.24,-4.0,-74.0,-0.07806573,0.91418105,0.033978675,-37.0,-2.0,-14.12
-28.94,-4.0,-74.0,-0.080469586,0.8988375,0.03274481,-37.0,-2.0,-14.47
-28.94,-4.0,-74.0,-0.08586154,0.82646805,0.032864623,-37.0,-2.0,-14.47
-28.94,-4.0,-74.0,-0.0820064,0.81229717,0.030302051,-37.0,-2.0,-14.47
-28.94,-4.0,-74.0,-0.09113459,0.80738205,0.043633256,-37.0,-2.0,-14.47
-28.94,-4.0,-74.0,-0.0858696,0.82799304,0.037411984,-37.0,-2.0,-14.47
-28.94,-4.0,-74.0,-0.07961834,0.8081627,0.018174553,-37.0,-2.0,-14.47
-28.94,-4.0,-74.0,-0.07471051,0.83928907,0.024735535,-37.0,-2.0,-14.47
-28.76,-4.0,-74.0,-0.07908345,0.83087915,0.023069652,-37.0,-2.0,-14.38
-28.76,-4.0,-74.0,-0.08172372,0.8124816,0.044745967,-37.0,-2.0,-14.38
-28.76,-4.0,-74.0,-0.07898679,0.8506362,0.030425634,-37.0,-2.0,-14.38
-28.76,-4.0,-74.0,-0.07281343,0.8538404,0.031952646,-37.0,-2.0,-14.38
-28.76,-4.0,-74.0,-0.07846519,0.8811024,0.02709496,-37.0,-2.0,-14.38
-28.76,-4.0,-74.0,-0.079683706,0.86430943,0.02661969,-37.0,-2.0,-14.38
-28.76,-4.0,-74.0,-0.08849673,0.8575023,0.044837758,-37.0,-2.0,-14.38
-28.76,-4.0,-74.0,-0.092945196,0.81211627,0.060451176,-37.0,-2.0,-14.38
-29.2,-4.0,-74.0,-0.08684102,0.8552913,0.045787524,-37.0,-2.0,-14.6
-29.2,-4.0,-74.0,-0.08118067,0.87754357,0.03327584,-37.0,-2.0,-14.6
-29.2,-4.0,-74.0,-0.07222983,0.93648446,0.025557876,-37.0,-2.0,-14.6
-29.2,-4.0,-74.0,-0.06500121,0.92472064,0.014226061,-37.0,-2.0,-14.6
-29.2,-4.0,-74.0,-0.080140814,0.81968635,0.027930869,-37.0,-2.0,-14.6
-29.2,-4.0,-74.0,-0.084581025,0.8046154,0.036291298,-37.0,-2.0,-14.6
-29.2,-4.0,-74.0,-0.0769458,0.8911579,0.017823355,-37.0,-2.0,-14.6
-28.72,-4.0,-66.0,-0.0829555,0.87397903,0.031143673,-33.0,-2.0,-14.36
-28.72,-4.0,-66.0,-0.09052726,0.75818187,0.05574042,-33.0,-2.0,-14.36
-28.72,-4.0,-66.0,-0.09198497,0.78171957,0.05949883,-33.0,-2.0,-14.36
-28.72,-4.0,-66.0,-0.08856376,0.78745294,0.03853849,-33.0,-2.0,-14.36
-28.72,-4.0,-66.0,-0.07228007,0.806648,0.026798468,-33.0,-2.0,-14.36
-28.72,-4.0,-66.0,-0.072985746,0.8087635,0.021473642,-33.0,-2.0,-14.36
-28.72,-4.0,-66.0,-0.07456597,0.85568947,0.03007559,-33.0,-2.0,-14.36
-28.72,-4.0,-66.0,-0.06948673,0.8913643,0.016294535,-33.0,-2.0,-14.36
-28.7,-4.0,-66.0,-0.07885783,0.834634,0.037792247,-33.0,-2.0,-14.35
-28.7,-4.0,-66.0,-0.08637632,0.79065824,0.03507935,-33.0,-2.0,-14.35
-28.7,-4.0,-66.0,-0.08607646,0.8132144,0.040880125,-33.0,-2.0,-14.35
-28.7,-4.0,-66.0,-0.08442283,0.8311039,0.030872842,-33.0,-2.0,-14.35
-28.7,-4.0,-66.0,-0.079548664,0.80858344,0.026126595,-33.0,-2.0,-14.35
-28.7,-4.0,-66.0,-0.083944656,0.80652463,0.032561503,-33.0,-2.0,-14.35
-28.7,-4.0,-66.0,-0.07059758,0.85034114,0.017042112,-33.0,-2.0,-14.35
-28.4,-4.0,-66.0,-0.07266359,0.8669979,0.023167968,-33.0,-2.0,-14.2
-28.4,-4.0,-66.0,-0.079464644,0.8131153,0.023247687,-33.0,-2.0,-14.2
-28.4,-4.0,-66.0,-0.08596478,0.8557874,0.04235671,-33.0,-2.0,-14.2
-28.4,-4.0,-66.0,-0.08331631,0.8209569,0.038680438,-33.0,-2.0,-14.2
-28.4,-4.0,-66.0,-0.08274471,0.9061948,0.03209073,-33.0,-2.0,-14.2
-28.4,-4.0,-66.0,-0.08232193,0.8620421,0.040240493,-33.0,-2.0,-14.2
-28.4,-4.0,-66.0,-0.07546701,0.8591605,0.027843112,-33.0,-2.0,-14.2
-28.4,-4.0,-66.0,-0.07533296,0.8784304,0.028115578,-33.0,-2.0,-14.2
-28.8,-2.0,-66.0,-0.08019328,0.8752674,0.03948011,-33.0,-1.0,-14.4
-28.8,-2.0,-66.0,-0.08484396,0.85056245,0.032378796,-33.0,-1.0,-14.4
-28.8,-2.0,-66.0,-0.07974675,0.871108,0.02754924,-33.0,-1.0,-14.4
-28.8,-2.0,-66.0,-0.07597125,0.87523377,0.02532387,-33.0,-1.0,-14.4
-28.8,-2.0,-66.0,-0.082638964,0.81783164,0.038784202,-33.0,-1.0,-14.4
-28.8,-2.0,-66.0,-0.087970324,0.83249843,0.04067426,-33.0,-1.0,-14.4
-28.8,-2.0,-66.0,-0.08384354,0.82905424,0.030509135,-33.0,-1.0,-14.4
-29.12,-2.0,-66.0,-0.081928164,0.8137005,0.033868473,-33.0,-1.0,-14.56
-29.12,-2.0,-66.0,-0.07791842,0.81359845,0.028391445,-33.0,-1.0,-14.56
-29.12,-2.0,-66.0,-0.08493735,0.7981717,0.028410316,-33.0,-1.0,-14.56
-29.12,-2.0,-66.0,-0.09077723,0.7722176,0.0513926,-33.0,-1.0,-14.56
-29.12,-2.0,-66.0,-0.08495837,0.7746773,0.02861754,-33.0,-1.0,-14.56
-29.12,-2.0,-66.0,-0.08317763,0.7866949,0.03930932,-33.0,-1.0,-14.56
-29.12,-2.0,-66.0,-0.08634653,0.8052631,0.03633119,-33.0,-1.0,-14.56
-29.12,-2.0,-66.0,-0.08952031,0.8229906,0.049766913,-33.0,-1.0,-14.56
-29.3,-2.0,-66.0,-0.08190472,0.93007296,0.03523634,-33.0,-1.0,-14.65
-29.3,-2.0,-66.0,-0.07483865,0.945748,0.02277615,-33.0,-1.0,-14.65
-29.3,-2.0,-66.0,-0.07508716,0.97653276,0.020810906,-33.0,-1.0,-14.65
-29.3,-2.0,-66.0,-0.07730901,0.92481524,0.024495032,-33.0,-1.0,-14.65
-29.3,-2.0,-66.0,-0.08872013,0.8250507,0.053377926,-33.0,-1.0,-14.65
-29.3,-2.0,-66.0,-0.08214828,0.826816,0.037475664,-33.0,-1.0,-14.65
-29.3,-2.0,-66.0,-0.076333076,0.84833235,0.028624041,-33.0,-1.0,-14.65
-28.64,-2.0,-66.0,-0.07694302,0.78532904,0.029748598,-33.0,-1.0,-14.32
-28.64,-2.0,-66.0,-0.06547873,0.8985047,0.020815892,-33.0,-1.0,-14.32
-28.64,-2.0,-66.0,-0.060825754,0.9536092,0.013865042,-33.0,-1.0,-14.32
-28.64,-2.0,-66.0,-0.06605189,0.85421926,0.0132940225,-33.0,-1.0,-14.32
-28.64,-2.0,-66.0,-0.08557844,0.7769238,0.034256443,-33.0,-1.0,-14.32
-28.64,-2.0,-66.0,-0.08591548,0.7889547,0.03474687,-33.0,-1.0,-14.32
-28.64,-2.0,-66.0,-0.077550456,0.8067454,0.027587214,-33.0,-1.0,-14.32
-28.64,-2.0,-66.0,-0.08397209,0.7767757,0.043432537,-33.0,-1.0,-14.32
-27.64,-2.0,-66.0,-0.08303612,0.76575214,0.03251935,-33.0,-1.0,-13.82
-27.64,-2.0,-66.0,-0.08492269,0.7960173,0.03879199,-33.0,-1.0,-13.82
-27.64,-2.0,-66.0,-0.084180556,0.8365229,0.031956054,-33.0,-1.0,-13.82
-27.64,-2.0,-66.0,-0.07492227,0.8202394,0.031630397,-33.0,-1.0,-13.82
-27.64,-2.0,-66.0,-0.08424056,0.79987544,0.036952917,-33.0,-1.0,-13.82
-27.64,-2.0,-66.0,-0.09209065,0.7948145,0.03554863,-33.0,-1.0,-13.82
-27.64,-2.0,-66.0,-0.084273405,0.84602135,0.033305418,-33.0,-1.0,-13.82
-27.92,-2.0,-66.0,-0.07607361,0.833252,0.022827871,-33.0,-1.0,-13.96
-27.92,-2.0,-66.0,-0.076554105,0.8044241,0.027898451,-33.0,-1.0,-13.96
-27.92,-2.0,-66.0,-0.07055995,0.8264154,0.02909821,-33.0,-1.0,-13.96
-27.92,-2.0,-66.0,-0.08255556,0.821261,0.031980965,-33.0,-1.0,-13.96
-27.92,-2.0,-66.0,-0.08511619,0.81831527,0.048271485,-33.0,-1.0,-13.96
-27.92,-2.0,-66.0,-0.09101284,0.810055,0.03845048,-33.0,-1.0,-13.96
-27.92,-2.0,-66.0,-0.08705885,0.8106664,0.03775299,-33.0,-1.0,-13.96
-27.92,-2.0,-66.0,-0.08275463,0.83099747,0.037527118,-33.0,-1.0,-13.96
-27.26,-2.0,-66.0,-0.086914256,0.7593497,0.043133266,-33.0,-1.0,-13.63
-27.26,-2.0,-66.0,-0.07505463,0.8001872,0.025416795,-33.0,-1.0,-13.63
-27.26,-2.0,-66.0,-0.07492761,0.8520663,0.022229077,-33.0,-1.0,-13.63
-27.26,-2.0,-66.0,-0.08206364,0.85056514,0.02797647,-33.0,-1.0,-13.63
-27.26,-2.0,-66.0,-0.0811939,0.7942992,0.03828524,-33.0,-1.0,-13.63
-27.26,-2.0,-66.0,-0.0837063,0.81252086,0.05133398,-33.0,-1.0,-13.63
-27.26,-2.0,-66.0,-0.08234712,0.8483372,0.030730812,-33.0,-1.0,-13.63
-27.4,-2.0,-56.0,-0.08470714,0.84245604,0.036604326,-28.0,-1.0,-13.7
-27.4,-2.0,-56.0,-0.07772822,0.8421473,0.019323075,-28.0,-1.0,-13.7
-27.4,-2.0,-56.0,-0.07512431,0.7968205,0.025349233,-28.0,-1.0,-13.7
-27.4,-2.0,-56.0,-0.07941736,0.8241254,0.026377594,-28.0,-1.0,-13.7
-27.4,-2.0,-56.0,-0.08685182,0.80905557,0.03150096,-28.0,-1.0,-13.7
-27.4,-2.0,-56.0,-0.081167825,0.8556147,0.02176326,-28.0,-1.0,-13.7
-27.4,-2.0,-56.0,-0.07905869,0.8600213,0.026822716,-28.0,-1.0,-13.7
-27.4,-2.0,-56.0,-0.076196216,0.8573443,0.024710244,-28.0,-1.0,-13.7
-26.82,-2.0,-54.0,-0.08318309,0.85272485,0.03604323,-27.0,-1.0,-13.41
-26.82,-2.0,-54.0,-0.07689626,0.8982714,0.0223384,-27.0,-1.0,-13.41
-26.82,-2.0,-54.0,-0.08056436,0.85496986,0.028972689,-27.0,-1.0,-13.41
-26.82,-2.0,-54.0,-0.08444591,0.8721334,0.025421241,-27.0,-1.0,-13.41
-26.82,-2.0,-54.0,-0.07556876,0.8901476,0.030431183,-27.0,-1.0,-13.41
-26.82,-2.0,-54.0,-0.07039025,0.97111994,0.013822206,-27.0,-1.0,-13.41
-26.82,-2.0,-54.0,-0.08384069,0.8820702,0.035822604,-27.0,-1.0,-13.41
-26.68,-2.0,-54.0,-0.074314006,0.85941136,0.027148833,-27.0,-1.0,-13.34
-26.68,-2.0,-54.0,-0.079012826,0.8496012,0.036378566,-27.0,-1.0,-13.34
-26.68,-2.0,-54.0,-0.08462474,0.875233,0.037420742,-27.0,-1.0,-13.34
-26.68,-2.0,-54.0,-0.08775011,0.83145154,0.0395532,-27.0,-1.0,-13.34
-26.68,-2.0,-54.0,-0.08040352,0.86468875,0.031042194,-27.0,-1.0,-13.34
-26.68,-2.0,-54.0,-0.074956484,0.8253443,0.03448222,-27.0,-1.0,-13.34
-26.68,-2.0,-54.0,-0.079564236,0.82840294,0.023395028,-27.0,-1.0,-13.34
-26.68,-2.0,-54.0,-0.090971276,0.8347098,0.04018677,-27.0,-1.0,-13.34
-26.42,-6.0,-54.0,-0.0860327,0.8651517,0.03564924,-27.0,-3.0,-13.21
-26.42,-6.0,-54.0,-0.08631344,0.8207106,0.03511828,-27.0,-3.0,-13.21
-26.42,-6.0,-54.0,-0.07368294,0.87299764,0.027543252,-27.0,-3.0,-13.21
-26.42,-6.0,-54.0,-0.07351639,0.8930906,0.027504917,-27.0,-3.0,-13.21
-26.42,-6.0,-54.0,-0.071755365,0.9014048,0.031655774,-27.0,-3.0,-13.21
-26.42,-6.0,-54.0,-0.07240577,0.917947,0.022492854,-27.0,-3.0,-13.21
-26.42,-6.0,-54.0,-0.077704854,0.8615195,0.029983144,-27.0,-3.0,-13.21
-25.6,-6.0,-54.0,-0.0765927,0.8751014,0.029441353,-27.0,-3.0,-12.8
-25.6,-6.0,-54.0,-0.08200094,0.8637196,0.034253024,-27.0,-3.0,-12.8
-25.6,-6.0,-54.0,-0.08936731,0.8504322,0.04998069,-27.0,-3.0,-12.8
-25.6,-6.0,-54.0,-0.08934642,0.8039699,0.0510282,-27.0,-3.0,-12.8
-25.6,-6.0,-54.0,-0.08854764,0.82899857,0.042137194,-27.0,-3.0,-12.8
-25.6,-6.0,-54.0,-0.07263632,0.8063597,0.025045991,-27.0,-3.0,-12.8
-25.6,-6.0,-54.0,-0.06964494,0.8507993,0.014834905,-27.0,-3.0,-12.8
-25.6,-6.0,-54.0,-0.06200866,0.8602988,0.02170632,-27.0,-3.0,-12.8
-25.24,-6.0,-50.0,-0.07905429,0.8176754,0.028767772,-25.0,-3.0,-12.62
-25.24,-6.0,-50.0,-0.083585136,0.82485974,0.032031722,-25.0,-3.0,-12.62
-25.24,-6.0,-50.0,-0.076724514,0.8739901,0.028823037,-25.0,-3.0,-12.62
-25.24,-6.0,-50.0,-0.073650844,0.841567,0.022494325,-25.0,-3.0,-12.62
-25.24,-6.0,-50.0,-0.074105024,0.8278318,0.021048523,-25.0,-3.0,-12.62
-25.24,-6.0,-50.0,-0.08239917,0.7978896,0.039582055,-25.0,-3.0,-12.62
-25.24,-6.0,-50.0,-0.08009162,0.8099943,0.040371552,-25.0,-3.0,-12.62
-25.54,-6.0,-54.0,-0.08134866,0.80905396,0.03913586,-27.0,-3.0,-12.77
-25.54,-6.0,-54.0,-0.08449413,0.7833626,0.04746941,-27.0,-3.0,-12.77
-25.54,-6.0,-54.0,-0.077064864,0.8082605,0.039657403,-27.0,-3.0,-12.77
-25.54,-6.0,-54.0,-0.0752903,0.81322455,0.037574418,-27.0,-3.0,-12.77
-25.54,-6.0,-54.0,-0.08460882,0.79374945,0.044511147,-27.0,-3.0,-12.77
-25.54,-6.0,-54.0,-0.079250045,0.86744523,0.03550043,-27.0,-3.0,-12.77
-25.54,-6.0,-54.0,-0.07522221,0.8874118,0.018096453,-27.0,-3.0,-12.77
-25.54,-6.0,-54.0,-0.07217037,0.8340317,0.026371555,-27.0,-3.0,-12.77
-25.58,-6.0,-54.0,-0.064300746,0.8813352,0.011367379,-27.0,-3.0,-12.79
-25.58,-6.0,-54.0,-0.059050582,0.87479436,0.0093868775,-27.0,-3.0,-12.79
-25.58,-6.0,-54.0,-0.07526783,0.84082323,0.02564012,-27.0,-3.0,-12.79
-25.58,-6.0,-54.0,-0.08101395,0.9086933,0.025959134,-27.0,-3.0,-12.79
-25.58,-6.0,-54.0,-0.07647039,0.87157977,0.027720185,-27.0,-3.0,-12.79
-25.58,-6.0,-54.0,-0.0897002,0.8661209,0.055099156,-27.0,-3.0,-12.79
-25.58,-6.0,-54.0,-0.08585977,0.86550343,0.048038248,-27.0,-3.0,-12.79
-25.48,0.0,-54.0,-0.082309976,0.832539,0.0418274,-27.0,0.0,-12.74
-25.48,0.0,-54.0,-0.081344314,0.9059057,0.027455766,-27.0,0.0,-12.74
-25.48,0.0,-54.0,-0.08215452,0.83920443,0.03039985,-27.0,0.0,-12.74
-25.48,0.0,-54.0,-0.08393383,0.93270284,0.041763987,-27.0,0.0,-12.74
-25.48,0.0,-54.0,-0.081952386,0.89562774,0.041887086,-27.0,0.0,-12.74
-25.48,0.0,-54.0,-0.08240951,0.87640864,0.029241372,-27.0,0.0,-12.74
-25.48,0.0,-54.0,-0.08228619,0.83601624,0.039367367,-27.0,0.0,-12.74
-25.48,0.0,-54.0,-0.08783447,0.8466499,0.040206637,-27.0,0.0,-12.74
-25.64,0.0,-54.0,-0.0874871,0.84813255,0.05107229,-27.0,0.0,-12.82
-25.64,0.0,-54.0,-0.077583246,0.8333023,0.03330696,-27.0,0.0,-12.82
-25.64,0.0,-54.0,-0.082242005,0.8780339,0.037882645,-27.0,0.0,-12.82
-25.64,0.0,-54.0,-0.08457376,0.83598775,0.0377007,-27.0,0.0,-12.82
-25.64,0.0,-54.0,-0.084835485,0.8799674,0.04549148,-27.0,0.0,-12.82
-25.64,0.0,-54.0,-0.08924552,0.85329664,0.056671884,-27.0,0.0,-12.82
-25.64,0.0,-54.0,-0.08803149,0.8623849,0.039537955,-27.0,0.0,-12.82
-26.32,0.0,-54.0,-0.08253629,0.7883598,0.03451691,-27.0,0.0,-13.16
-26.32,0.0,-54.0,-0.076842435,0.8185899,0.023172561,-27.0,0.0,-13.16
-26.32,0.0,-54.0,-0.07504537,0.87905806,0.029559383,-27.0,0.0,-13.16
-26.32,0.0,-54.0,-0.08080447,0.82728875,0.03428402,-27.0,0.0,-13.16
-26.32,0.0,-54.0,-0.074097514,0.8192286,0.03923471,-27.0,0.0,-13.16
-26.32,0.0,-54.0,-0.08342368,0.8329362,0.028272394,-27.0,0.0,-13.16
-26.32,0.0,-54.0,-0.078873865,0.9231473,0.023773113,-27.0,0.0,-13.16
-26.32,0.0,-54.0,-0.0866442,0.88159746,0.043353304,-27.0,0.0,-13.16
-26.52,0.0,-54.0,-0.073941275,0.88079554,0.026070906,-27.0,0.0,-13.26
-26.52,0.0,-54.0,-0.08350795,0.83717746,0.031951927,-27.0,0.0,-13.26
-26.52,0.0,-54.0,-0.08157865,0.82885045,0.040184435,-27.0,0.0,-13.26
-26.52,0.0,-54.0,-0.08452758,0.89462304,0.032326903,-27.0,0.0,-13.26
-26.52,0.0,-54.0,-0.068297975,0.94862527,0.023986042,-27.0,0.0,-13.26
-26.52,0.0,-54.0,-0.08050262,0.884634,0.03797966,-27.0,0.0,-13.26
-26.52,0.0,-54.0,-0.08476929,0.79860824,0.030783338,-27.0,0.0,-13.26
-27.14,0.0,-54.0,-0.07806917,0.81741065,0.03329821,-27.0,0.0,-13.57
-27.14,0.0,-54.0,-0.08410368,0.79989123,0.04510041,-27.0,0.0,-13.57
-27.14,0.0,-54.0,-0.08523909,0.79837453,0.03922304,-27.0,0.0,-13.57
-27.14,0.0,-54.0,-0.08268811,0.80637145,0.04467749,-27.0,0.0,-13.57
-27.14,0.0,-54.0,-0.084035724,0.8267952,0.039552514,-27.0,0.0,-13.57
-27.14,0.0,-54.0,-0.08754111,0.83179855,0.04677271,-27.0,0.0,-13.57
-27.14,0.0,-54.0,-0.08993521,0.82718533,0.04917489,-27.0,0.0,-13.57
-27.14,0.0,-54.0,-0.09165781,0.8244756,0.047046803,-27.0,0.0,-13.57
-27.96,0.0,-60.0,-0.07776387,0.8896446,0.04496627,-30.0,0.0,-13.98
-27.96,0.0,-60.0,-0.08172847,0.84976864,0.03566788,-30.0,0.0,-13.98
-27.96,0.0,-60.0,-0.07797618,0.82570595,0.021622801,-30.0,0.0,-13.98
-27.96,0.0,-60.0,-0.08500453,0.80737597,0.026920985,-30.0,0.0,-13.98
-27.96,0.0,-60.0,-0.08451827,0.80071324,0.033316247,-30.0,0.0,-13.98
-27.96,0.0,-60.0,-0.08338515,0.8391562,0.03288741,-30.0,0.0,-13.98
-27.96,0.0,-60.0,-0.077271275,0.76685154,0.024119103,-30.0,0.0,-13.98
-28.04,0.0,-60.0,-0.081111,0.8113168,0.030995559,-30.0,0.0,-14.02
-28.04,0.0,-60.0,-0.07836963,0.8839295,0.038541272,-30.0,0.0,-14.02
-28.04,0.0,-60.0,-0.080229774,0.79894835,0.038106997,-30.0,0.0,-14.02
-28.04,0.0,-60.0,-0.077943034,0.84271795,0.027561488,-30.0,0.0,-14.02
-28.04,0.0,-60.0,-0.08580378,0.8574099,0.040262222,-30.0,0.0,-14.02
-28.04,0.0,-60.0,-0.09345965,0.7798775,0.06475652,-30.0,0.0,-14.02
-28.04,0.0,-60.0,-0.08373596,0.8669854,0.030640204,-30.0,0.0,-14.02
-28.04,0.0,-60.0,-0.07696474,0.86373687,0.03595668,-30.0,0.0,-14.02
-28.7,0.0,-60.0,-0.08755429,0.8381358,0.047386426,-30.0,0.0,-14.35
-28.7,0.0,-60.0,-0.08140785,0.88457435,0.031102775,-30.0,0.0,-14.35
-28.7,0.0,-60.0,-0.0773568,0.88901216,0.02916872,-30.0,0.0,-14.35
-28.7,0.0,-60.0,-0.08119961,0.7620519,0.025915643,-30.0,0.0,-14.35
-28.7,0.0,-60.0,-0.08128064,0.7522577,0.027470054,-30.0,0.0,-14.35
-28.7,0.0,-60.0,-0.08545996,0.7837798,0.033289175,-30.0,0.0,-14.35
-28.7,0.0,-60.0,-0.088212445,0.8369442,0.036715753,-30.0,0.0,-14.35
-28.68,0.0,-60.0,-0.083448604,0.8200147,0.05120377,-30.0,0.0,-14.34
-28.68,0.0,-60.0,-0.08992991,0.8161493,0.043026667,-30.0,0.0,-14.34
-28.68,0.0,-60.0,-0.08021466,0.8749861,0.038073756,-30.0,0.0,-14.34
-28.68,0.0,-60.0,-0.0781985,0.83870596,0.043726373,-30.0,0.0,-14.34
-28.68,0.0,-60.0,-0.07857192,0.8867743,0.035606917,-30.0,0.0,-14.34
-28.68,0.0,-60.0,-0.086763516,0.8885047,0.046789035,-30.0,0.0,-14.34
-28.68,0.0,-60.0,-0.08688586,0.8249409,0.04335069,-30.0,0.0,-14.34
-28.68,0.0,-60.0,-0.07867923,0.8398669,0.025240922,-30.0,0.0,-14.34
-29.46,0.0,-60.0,-0.07738099,0.92127115,0.032722965,-30.0,0.0,-14.73
-29.46,0.0,-60.0,-0.07973625,0.8890262,0.042931676,-30.0,0.0,-14.73
-29.46,0.0,-60.0,-0.087700926,0.8230774,0.05406825,-30.0,0.0,-14.73
-29.46,0.0,-60.0,-0.073122546,0.85863876,0.011347594,-30.0,0.0,-14.73
-29.46,0.0,-60.0,-0.07693895,0.8234545,0.028883804,-30.0,0.0,-14.73
-29.46,0.0,-60.0,-0.078016885,0.8424466,0.035876118,-30.0,0.0,-14.73
-29.46,0.0,-60.0,-0.08409001,0.7635181,0.043992143,-30.0,0.0,-14.73
-29.66,-8.0,-60.0,-0.084523186,0.8591995,0.03337079,-30.0,-4.0,-14.83
-29.66,-8.0,-60.0,-0.07021054,0.75773543,0.023579162,-30.0,-4.0,-14.83
-29.66,-8.0,-60.0,-0.07166729,0.7642415,0.021909693,-30.0,-4.0,-14.83
-29.66,-8.0,-60.0,-0.07299702,0.75405973,0.01808651,-30.0,-4.0,-14.83
-29.66,-8.0,-60.0,-0.08047452,0.76713234,0.036450982,-30.0,-4.0,-14.83
-29.66,-8.0,-60.0,-0.07658818,0.83222216,0.031362753,-30.0,-4.0,-14.83
-29.66,-8.0,-60.0,-0.07908804,0.9237769,0.032157555,-30.0,-4.0,-14.83
-29.66,-8.0,-60.0,-0.079156205,0.8399962,0.03385802,-30.0,-4.0,-14.83
-28.9,-2.0,-60.0,-0.08825731,0.85927254,0.034928553,-30.0,-1.0,-14.45
-28.9,-2.0,-60.0,-0.080256015,0.7963578,0.03331282,-30.0,-1.0,-14.45
-28.9,-2.0,-60.0,-0.06914728,0.84791344,0.0234135,-30.0,-1.0,-14.45
-28.9,-2.0,-60.0,-0.07891619,0.89368546,0.031939723,-30.0,-1.0,-14.45
-28.9,-2.0,-60.0,-0.07383542,0.8627775,0.020462556,-30.0,-1.0,-14.45
-28.9,-2.0,-60.0,-0.07409888,0.84956706,0.029857984,-30.0,-1.0,-14.45
-28.9,-2.0,-60.0,-0.077520154,0.89010113,0.02902163,-30.0,-1.0,-14.45
-28.0,-2.0,-60.0,-0.08065336,0.8281986,0.033227514,-30.0,-1.0,-14.0
-28.0,-2.0,-60.0,-0.08274908,0.773901,0.037162606,-30.0,-1.0,-14.0
-28.0,-2.0,-60.0,-0.081714,0.78824055,0.03298094,-30.0,-1.0,-14.0
-28.0,-2.0,-60.0,-0.06705384,0.8585287,0.013328555,-30.0,-1.0,-14.0
-28.0,-2.0,-60.0,-0.078934625,0.8847648,0.03637332,-30.0,-1.0,-14.0
-28.0,-2.0,-60.0,-0.08423611,0.7719195,0.030319314,-30.0,-1.0,-14.0
-28.0,-2.0,-60.0,-0.07163572,0.8908504,0.020616,-30.0,-1.0,-14.0
-28.0,-2.0,-60.0,-0.082213305,0.8512028,0.032497298,-30.0,-1.0,-14.0
-27.74,-2.0,-60.0,-0.080578536,0.8620462,0.037332583,-30.0,-1.0,-13.87
-27.74,-2.0,-60.0,-0.083556935,0.79813874,0.05506937,-30.0,-1.0,-13.87
-27.74,-2.0,-60.0,-0.0955709,0.7744906,0.07036547,-30.0,-1.0,-13.87
-27.74,-2.0,-60.0,-0.08982487,0.7827789,0.05437273,-30.0,-1.0,-13.87
-27.74,-2.0,-60.0,-0.078524716,0.8471469,0.03805572,-30.0,-1.0,-13.87
-27.74,-2.0,-60.0,-0.075346135,0.90042806,0.029096967,-30.0,-1.0,-13.87
-27.74,-2.0,-60.0,-0.07110316,0.8796922,0.017109053,-30.0,-1.0,-13.87
-27.96,-2.0,-60.0,-0.074752,0.83806574,0.018992834,-30.0,-1.0,-13.98
-27.96,-2.0,-60.0,-0.065713525,0.8707151,0.010291646,-30.0,-1.0,-13.98
-27.96,-2.0,-60.0,-0.075586386,0.7844247,0.037146535,-30.0,-1.0,-13.98
-27.96,-2.0,-60.0,-0.09107661,0.78033054,0.056143425,-30.0,-1.0,-13.98
-27.96,-2.0,-60.0,-0.078885086,0.774381,0.043376397,-30.0,-1.0,-13.98
-27.96,-2.0,-60.0,-0.071867734,0.8043064,0.020798195,-30.0,-1.0,-13.98
-27.96,-2.0,-60.0,-0.06687557,0.8449857,0.00878342,-30.0,-1.0,-13.98
-27.96,-2.0,-60.0,-0.08232858,0.77439606,0.038259007,-30.0,-1.0,-13.98
-26.92,-2.0,-54.0,-0.08159531,0.81022555,0.040732443,-27.0,-1.0,-13.46
-26.92,-2.0,-54.0,-0.07636144,0.8303117,0.024081208,-27.0,-1.0,-13.46
-26.92,-2.0,-54.0,-0.07294156,0.8456261,0.020852191,-27.0,-1.0,-13.46
-26.92,-2.0,-54.0,-0.08501835,0.77396613,0.03421919,-27.0,-1.0,-13.46
-26.92,-2.0,-54.0,-0.09296706,0.77983934,0.05539338,-27.0,-1.0,-13.46
-26.92,-2.0,-54.0,-0.086709306,0.8008969,0.035097882,-27.0,-1.0,-13.46
-26.92,-2.0,-54.0,-0.07750786,0.8382245,0.022725035,-27.0,-1.0,-13.46
-27.46,-2.0,-54.0,-0.08182116,0.76678646,0.034508523,-27.0,-1.0,-13.73
-27.46,-2.0,-54.0,-0.07831903,0.75687164,0.03615761,-27.0,-1.0,-13.73
-27.46,-2.0,-54.0,-0.07422732,0.75543606,0.03090775,-27.0,-1.0,-13.73
-27.46,-2.0,-54.0,-0.08807036,0.7637684,0.04428442,-27.0,-1.0,-13.73
-27.46,-2.0,-54.0,-0.076580375,0.8848473,0.04433493,-27.0,-1.0,-13.73
-27.46,-2.0,-54.0,-0.06950064,0.9104359,0.0259257,-27.0,-1.0,-13.73
-27.46,-2.0,-54.0,-0.0800035,0.82363635,0.031634197,-27.0,-1.0,-13.73
-27.46,-2.0,-54.0,-0.07490906,0.82471925,0.019457946,-27.0,-1.0,-13.73
-26.58,-2.0,-54.0,-0.06700867,0.8187138,0.018038632,-27.0,-1.0,-13.29
-26.58,-2.0,-54.0,-0.074531384,0.8077728,0.023148445,-27.0,-1.0,-13.29
-26.58,-2.0,-54.0,-0.07943126,0.8135487,0.024371998,-27.0,-1.0,-13.29
-26.58,-2.0,-54.0,-0.07684027,0.79135954,0.040858123,-27.0,-1.0,-13.29
-26.58,-2.0,-54.0,-0.07647262,0.80600893,0.03148378,-27.0,-1.0,-13.29
-26.58,-2.0,-54.0,-0.07927,0.8148889,0.027842551,-27.0,-1.0,-13.29
-26.58,-2.0,-54.0,-0.07951118,0.81366026,0.029314728,-27.0,-1.0,-13.29
-26.3,-2.0,-54.0,-0.072260715,0.80160105,0.03659491,-27.0,-1.0,-13.15
-26.3,-2.0,-54.0,-0.08679546,0.71453285,0.038599968,-27.0,-1.0,-13.15
-26.3,-2.0,-54.0,-0.08802749,0.8066531,0.051583614,-27.0,-1.0,-13.15
-26.3,-2.0,-54.0,-0.089899264,0.7839488,0.046439346,-27.0,-1.0,-13.15
-26.3,-2.0,-54.0,-0.08747737,0.7620991,0.037625678,-27.0,-1.0,-13.15
-26.3,-2.0,-54.0,-0.08223751,0.75581586,0.033865284,-27.0,-1.0,-13.15
-26.3,-2.0,-54.0,-0.06908454,0.8648047,0.017189417,-27.0,-1.0,-13.15
-26.3,-2.0,-54.0,-0.07344456,0.8324219,0.02736155,-27.0,-1.0,-13.15
-25.88,-2.0,-54.0,-0.07886979,0.8515446,0.024953546,-27.0,-1.0,-12.94
-25.88,-2.0,-54.0,-0.080160454,0.8236212,0.03145767,-27.0,-1.0,-12.94
-25.88,-2.0,-54.0,-0.07494273,0.87778735,0.025266664,-27.0,-1.0,-12.94
-25.88,-2.0,-54.0,-0.07014025,0.8425841,0.033408966,-27.0,-1.0,-12.94
-25.88,-2.0,-54.0,-0.08301066,0.8202874,0.04076809,-27.0,-1.0,-12.94
-25.88,-2.0,-54.0,-0.086567886,0.824258,0.037306085,-27.0,-1.0,-12.94
-25.88,-2.0,-54.0,-0.07483713,0.7842353,0.033159282,-27.0,-1.0,-12.94
-25.82,-2.0,-56.0,-0.07969128,0.8311185,0.037288234,-28.0,-1.0,-12.91
-25.82,-2.0,-56.0,-0.07493301,0.8313885,0.028596131,-28.0,-1.0,-12.91
-25.82,-2.0,-56.0,-0.08371925,0.8116557,0.03991792,-28.0,-1.0,-12.91
-25.82,-2.0,-56.0,-0.08094874,0.8281725,0.04542864,-28.0,-1.0,-12.91
-25.82,-2.0,-56.0,-0.08528522,0.8113082,0.038212,-28.0,-1.0,-12.91
-25.82,-2.0,-56.0,-0.07997667,0.8612276,0.04404181,-28.0,-1.0,-12.91
-25.82,-2.0,-56.0,-0.07616408,0.81733996,0.028676486,-28.0,-1.0,-12.91
-25.82,-2.0,-56.0,-0.07547071,0.82371503,0.022208234,-28.0,-1.0,-12.91
-26.58,-2.0,-56.0,-0.07899375,0.8025976,0.034145094,-28.0,-1.0,-13.29
-26.58,-2.0,-56.0,-0.07995636,0.8645902,0.028639201,-28.0,-1.0,-13.29
-26.58,-2.0,-56.0,-0.07080633,0.8820988,0.02043027,-28.0,-1.0,-13.29
-26.58,-2.0,-56.0,-0.07502661,0.85028774,0.027778167,-28.0,-1.0,-13.29
-26.58,-2.0,-56.0,-0.076241635,0.85511935,0.025770534,-28.0,-1.0,-13.29
-26.58,-2.0,-56.0,-0.07375727,0.84668636,0.0207065,-28.0,-1.0,-13.29
-26.58,-2.0,-56.0,-0.08586577,0.8119537,0.040202238,-28.0,-1.0,-13.29
-26.2,-4.0,-56.0,-0.0793806,0.8610845,0.028547954,-28.0,-2.0,-13.1
-26.2,-4.0,-56.0,-0.07957829,0.81811726,0.032447193,-28.0,-2.0,-13.1
-26.2,-4.0,-56.0,-0.07887424,0.8486601,0.029788869,-28.0,-2.0,-13.1
-26.2,-4.0,-56.0,-0.0796304,0.84720343,0.036503498,-28.0,-2.0,-13.1
-26.2,-4.0,-56.0,-0.07870743,0.8452518,0.025482945,-28.0,-2.0,-13.1
-26.2,-4.0,-56.0,-0.081130035,0.807516,0.027911084,-28.0,-2.0,-13.1
-26.2,-4.0,-56.0,-0.089780346,0.82077354,0.03665666,-28.0,-2.0,-13.1
-26.2,-4.0,-56.0,-0.08470049,0.8566675,0.038634572,-28.0,-2.0,-13.1
-26.28,0.0,-56.0,-0.07677029,0.8646058,0.025837881,-28.0,0.0,-13.14
-26.28,0.0,-56.0,-0.07773552,0.8328658,0.034480635,-28.0,0.0,-13.14
-26.28,0.0,-56.0,-0.08647224,0.8223798,0.04307283,-28.0,0.0,-13.14
-26.28,0.0,-56.0,-0.08654748,0.8019974,0.037410136,-28.0,0.0,-13.14
-26.28,0.0,-56.0,-0.083672896,0.82639986,0.03027204,-28.0,0.0,-13.14
-26.28,0.0,-56.0,-0.08181044,0.73453295,0.042038288,-28.0,0.0,-13.14
-26.28,0.0,-56.0,-0.08441941,0.7202404,0.03798543,-28.0,0.0,-13.14
-26.08,0.0,-60.0,-0.08216424,0.8529554,0.03540396,-30.0,0.0,-13.04
-26.08,0.0,-60.0,-0.07940039,0.8641509,0.036052372,-30.0,0.0,-13.04
-26.08,0.0,-60.0,-0.076871894,0.8140326,0.024842208,-30.0,0.0,-13.04
-26.08,0.0,-60.0,-0.07365265,0.80765057,0.018511783,-30.0,0.0,-13.04
-26.08,0.0,-60.0,-0.075888894,0.77529174,0.023172548,-30.0,0.0,-13.04
-26.08,0.0,-60.0,-0.07867734,0.8347846,0.027646575,-30.0,0.0,-13.04
-26.08,0.0,-60.0,-0.085286655,0.8399242,0.04171572,-30.0,0.0,-13.04
-26.08,0.0,-60.0,-0.08585003,0.84942216,0.037521698,-30.0,0.0,-13.04
-26.02,0.0,-60.0,-0.08137603,0.8155582,0.029766176,-30.0,0.0,-13.01
-26.02,0.0,-60.0,-0.08535205,0.7621092,0.0344706,-30.0,0.0,-13.01
-26.02,0.0,-60.0,-0.081709884,0.819406,0.029477807,-30.0,0.0,-13.01
-26.02,0.0,-60.0,-0.077388845,0.7818049,0.031921126,-30.0,0.0,-13.01
-26.02,0.0,-60.0,-0.07906588,0.85515714,0.024472577,-30.0,0.0,-13.01
-26.02,0.0,-60.0,-0.076124236,0.83310735,0.022419604,-30.0,0.0,-13.01
-26.02,0.0,-60.0,-0.0796417,0.8095301,0.026259521,-30.0,0.0,-13.01
-25.52,0.0,-60.0,-0.08052594,0.83925116,0.034153383,-30.0,0.0,-12.76
-25.52,0.0,-60.0,-0.07206635,0.8721771,0.029517382,-30.0,0.0,-12.76
-25.52,0.0,-60.0,-0.078027576,0.81374043,0.027418865,-30.0,0.0,-12.76
-25.52,0.0,-60.0,-0.07953129,0.78229505,0.028742827,-30.0,0.0,-12.76
-25.52,0.0,-60.0,-0.09109686,0.781561,0.047539473,-30.0,0.0,-12.76
-25.52,0.0,-60.0,-0.08756666,0.7950243,0.043364167,-30.0,0.0,-12.76
-25.52,0.0,-60.0,-0.08390301,0.81625366,0.03546418,-30.0,0.0,-12.76
-25.52,0.0,-60.0,-0.08313269,0.8004359,0.044054523,-30.0,0.0,-12.76
-25.74,0.0,-60.0,-0.075955324,0.8450375,0.026628245,-30.0,0.0,-12.87
-25.74,0.0,-60.0,-0.08144198,0.7439819,0.030389542,-30.0,0.0,-12.87
-25.74,0.0,-60.0,-0.08561673,0.7185872,0.038161382,-30.0,0.0,-12.87
-25.74,0.0,-60.0,-0.090553515,0.7284922,0.045483593,-30.0,0.0,-12.87
-25.74,0.0,-60.0,-0.07750761,0.80006737,0.02401923,-30.0,0.0,-12.87
-25.74,0.0,-60.0,-0.06934563,0.8585698,0.014341411,-30.0,0.0,-12.87
-25.74,0.0,-60.0,-0.07880429,0.84454894,0.02352168,-30.0,0.0,-12.87
-25.94,0.0,-74.0,-0.06805336,0.79018503,0.023986125,-37.0,0.0,-12.97
-25.94,0.0,-74.0,-0.06511586,0.8367788,0.014963007,-37.0,0.0,-12.97
-25.94,0.0,-74.0,-0.08214504,0.8118365,0.03696997,-37.0,0.0,-12.97
-25.94,0.0,-74.0,-0.08126517,0.8718608,0.031075178,-37.0,0.0,-12.97
-25.94,0.0,-74.0,-0.07328161,0.90247077,0.023307314,-37.0,0.0,-12.97
-25.94,0.0,-74.0,-0.06799899,0.9186945,0.018041661,-37.0,0.0,-12.97
-25.94,0.0,-74.0,-0.07760296,0.82198864,0.03119009,-37.0,0.0,-12.97
-25.94,0.0,-74.0,-0.08676814,0.8065475,0.039441306,-37.0,0.0,-12.97
-25.72,0.0,-74.0,-0.09148347,0.8142157,0.049720638,-37.0,0.0,-12.86
-25.72,0.0,-74.0,-0.08911165,0.80588335,0.04489933,-37.0,0.0,-12.86
-25.72,0.0,-74.0,-0.074928276,0.765762,0.028281484,-37.0,0.0,-12.86
-25.72,0.0,-74.0,-0.08290027,0.77712625,0.029515935,-37.0,0.0,-12.86
-25.72,0.0,-74.0,-0.08565586,0.8299502,0.041795887,-37.0,0.0,-12.86
-25.72,0.0,-74.0,-0.08150897,0.9097932,0.030061752,-37.0,0.0,-12.86
-25.72,0.0,-74.0,-0.077824585,0.8602267,0.030610519,-37.0,0.0,-12.86
-25.86,0.0,-74.0,-0.08373568,0.82357734,0.037091866,-37.0,0.0,-12.93
-25.86,0.0,-74.0,-0.090117104,0.8198366,0.045795765,-37.0,0.0,-12.93
-25.86,0.0,-74.0,-0.0904417,0.80193627,0.04599705,-37.0,0.0,-12.93
-25.86,0.0,-74.0,-0.08721645,0.77182066,0.05892302,-37.0,0.0,-12.93
-25.86,0.0,-74.0,-0.08628416,0.76849693,0.037126172,-37.0,0.0,-12.93
-25.86,0.0,-74.0,-0.07948958,0.7621679,0.029774519,-37.0,0.0,-12.93
-25.86,0.0,-74.0,-0.07179518,0.86060333,0.023133045,-37.0,0.0,-12.93
-25.86,0.0,-74.0,-0.0791581,0.8903352,0.03210123,-37.0,0.0,-12.93
-26.36,0.0,-74.0,-0.08923841,0.82171285,0.040152673,-37.0,0.0,-13.18
-26.36,0.0,-74.0,-0.08435677,0.846036,0.04324057,-37.0,0.0,-13.18
-26.36,0.0,-74.0,-0.08650532,0.8338516,0.05051785,-37.0,0.0,-13.18
-26.36,0.0,-74.0,-0.08638616,0.8398074,0.033887617,-37.0,0.0,-13.18
-26.36,0.0,-74.0,-0.08101955,0.8762315,0.031421263,-37.0,0.0,-13.18
-26.36,0.0,-74.0,-0.082510926,0.88335735,0.033410024,-37.0,0.0,-13.18
-26.36,0.0,-74.0,-0.07156495,0.90500313,0.0206714,-37.0,0.0,-13.18
-27.48,0.0,-74.0,-0.08152744,0.8531961,0.037951358,-37.0,0.0,-13.74
-27.48,0.0,-74.0,-0.079940386,0.8299898,0.019687643,-37.0,0.0,-13.74
-27.48,0.0,-74.0,-0.074752375,0.8649921,0.025651218,-37.0,0.0,-13.74
-27.48,0.0,-74.0,-0.076250635,0.8308844,0.03698241,-37.0,0.0,-13.74
-27.48,0.0,-74.0,-0.08364048,0.83092535,0.024518328,-37.0,0.0,-13.74
-27.48,0.0,-74.0,-0.09022996,0.79520226,0.03789925,-37.0,0.0,-13.74
-27.48,0.0,-74.0,-0.0847949,0.78443974,0.036573462,-37.0,0.0,-13.74
-27.48,0.0,-74.0,-0.08231376,0.82942784,0.031952485,-37.0,0.0,-13.74
-27.56,-2.0,-74.0,-0.08143363,0.8027254,0.031922437,-37.0,-1.0,-13.78
-27.56,-2.0,-74.0,-0.08125508,0.81379765,0.03850249,-37.0,-1.0,-13.78
-27.56,-2.0,-74.0,-0.0860496,0.8105086,0.04588954,-37.0,-1.0,-13.78
-27.56,-2.0,-74.0,-0.086099975,0.7823958,0.049862046,-37.0,-1.0,-13.78
-27.56,-2.0,-74.0,-0.08329163,0.79866576,0.033075366,-37.0,-1.0,-13.78
-27.56,-2.0,-74.0,-0.076720856,0.7783802,0.028826432,-37.0,-1.0,-13.78
-27.56,-2.0,-74.0,-0.067749895,0.85239375,0.0076867095,-37.0,-1.0,-13.78
-27.14,-2.0,-74.0,-0.06980131,0.86367553,0.019256704,-37.0,-1.0,-13.57
-27.14,-2.0,-74.0,-0.07616104,0.8239351,0.027489236,-37.0,-1.0,-13.57
-27.14,-2.0,-74.0,-0.07315805,0.79851794,0.021377262,-37.0,-1.0,-13.57
-27.14,-2.0,-74.0,-0.07325907,0.7773207,0.020614455,-37.0,-1.0,-13.57
-27.14,-2.0,-74.0,-0.08352115,0.7670082,0.03437468,-37.0,-1.0,-13.57
-27.14,-2.0,-74.0,-0.076616414,0.8148083,0.03250434,-37.0,-1.0,-13.57
-27.14,-2.0,-74.0,-0.0857863,0.80115837,0.034394782,-37.0,-1.0,-13.57
-27.14,-2.0,-74.0,-0.08760602,0.7894477,0.042230126,-37.0,-1.0,-13.57
-27.44,-2.0,-74.0,-0.08495205,0.78219306,0.064719826,-37.0,-1.0,-13.72
-27.44,-2.0,-74.0,-0.09194844,0.7611656,0.040342785,-37.0,-1.0,-13.72
-27.44,-2.0,-74.0,-0.08555058,0.7704985,0.03007819,-37.0,-1.0,-13.72
-27.44,-2.0,-74.0,-0.07790266,0.7712007,0.0344244,-37.0,-1.0,-13.72
-27.44,-2.0,-74.0,-0.08077281,0.81720924,0.03129023,-37.0,-1.0,-13.72
-27.44,-2.0,-74.0,-0.08010577,0.7642384,0.0191113,-37.0,-1.0,-13.72
-27.44,-2.0,-74.0,-0.07739973,0.77966434,0.027054496,-37.0,-1.0,-13.72
-27.48,-2.0,-74.0,-0.076188415,0.7367378,0.033462007,-37.0,-1.0,-13.74
-27.48,-2.0,-74.0,-0.08604212,0.7353333,0.0308538,-37.0,-1.0,-13.74
-27.48,-2.0,-74.0,-0.08350191,0.7795007,0.038385868,-37.0,-1.0,-13.74
-27.48,-2.0,-74.0,-0.07832636,0.72092825,0.02040437,-37.0,-1.0,-13.74
-27.48,-2.0,-74.0,-0.08094873,0.72246426,0.03243654,-37.0,-1.0,-13.74
-27.48,-2.0,-74.0,-0.08822889,0.76021385,0.035224795,-37.0,-1.0,-13.74
-27.48,-2.0,-74.0,-0.08596948,0.77975273,0.03776641,-37.0,-1.0,-13.74
-27.48,-2.0,-74.0,-0.0897584,0.7651671,0.030973978,-37.0,-1.0,-13.74
-27.7,-2.0,-74.0,-0.08902993,0.8089081,0.048653834,-37.0,-1.0,-13.85
-27.7,-2.0,-74.0,-0.08961096,0.83420306,0.043576676,-37.0,-1.0,-13.85
-27.7,-2.0,-74.0,-0.08680034,0.8203623,0.04980773,-37.0,-1.0,-13.85
-27.7,-2.0,-74.0,-0.0859189,0.7487124,0.037159342,-37.0,-1.0,-13.85
-27.7,-2.0,-74.0,-0.0811378,0.789205,0.02617147,-37.0,-1.0,-13.85
-27.7,-2.0,-74.0,-0.077461004,0.83282477,0.026207142,-37.0,-1.0,-13.85
-27.7,-2.0,-74.0,-0.086119525,0.8060066,0.03296208,-37.0,-1.0,-13.85
-28.5,-2.0,-68.0,-0.08714256,0.8152934,0.03503965,-34.0,-1.0,-14.25
-28.5,-2.0,-68.0,-0.07658798,0.797369,0.024953326,-34.0,-1.0,-14.25
-28.5,-2.0,-68.0,-0.07149374,0.8461328,0.017477257,-34.0,-1.0,-14.25
-28.5,-2.0,-68.0,-0.07251048,0.84494996,0.026852358,-34.0,-1.0,-14.25
-28.5,-2.0,-68.0,-0.08173544,0.79692423,0.043000538,-34.0,-1.0,-14.25
-28.5,-2.0,-68.0,-0.08484718,0.820622,0.032240923,-34.0,-1.0,-14.25
-28.5,-2.0,-68.0,-0.07597712,0.8658549,0.019684734,-34.0,-1.0,-14.25
-28.5,-2.0,-68.0,-0.07967509,0.84652966,0.03705599,-34.0,-1.0,-14.25
-28.58,-2.0,-68.0,-0.08358828,0.8305483,0.03915369,-34.0,-1.0,-14.29
-28.58,-2.0,-68.0,-0.081064545,0.8643221,0.044030502,-34.0,-1.0,-14.29
-28.58,-2.0,-68.0,-0.08182633,0.840724,0.028920451,-34.0,-1.0,-14.29
-28.58,-2.0,-68.0,-0.08783048,0.8089143,0.032984514,-34.0,-1.0,-14.29
-28.58,-2.0,-68.0,-0.08356269,0.78391916,0.048379507,-34.0,-1.0,-14.29
-28.58,-2.0,-68.0,-0.08934035,0.7866479,0.038842674,-34.0,-1.0,-14.29
-28.58,-2.0,-68.0,-0.0869917,0.8018288,0.04657787,-34.0,-1.0,-14.29
-28.86,-2.0,-68.0,-0.09230237,0.770702,0.043715477,-34.0,-1.0,-14.43
-28.86,-2.0,-68.0,-0.08093337,0.8113501,0.042408768,-34.0,-1.0,-14.43
-28.86,-2.0,-68.0,-0.07689109,0.8487877,0.023417063,-34.0,-1.0,-14.43
-28.86,-2.0,-68.0,-0.08478525,0.8015764,0.039861288,-34.0,-1.0,-14.43
-28.86,-2.0,-68.0,-0.07463614,0.84233946,0.02819055,-34.0,-1.0,-14.43
-28.86,-2.0,-68.0,-0.08850874,0.7675898,0.04573669,-34.0,-1.0,-14.43
-28.86,-2.0,-68.0,-0.089611575,0.7572282,0.035030644,-34.0,-1.0,-14.43
-28.86,-2.0,-68.0,-0.084014624,0.7312959,0.038200896,-34.0,-1.0,-14.43
-28.32,-2.0,-68.0,-0.08834909,0.794915,0.05302008,-34.0,-1.0,-14.16
-28.32,-2.0,-68.0,-0.0832892,0.8004622,0.041074563,-34.0,-1.0,-14.16
-28.32,-2.0,-68.0,-0.09076057,0.7748544,0.04329293,-34.0,-1.0,-14.16
-28.32,-2.0,-68.0,-0.0845637,0.7799442,0.03933865,-34.0,-1.0,-14.16
-28.32,-2.0,-68.0,-0.08191038,0.79541135,0.031782445,-34.0,-1.0,-14.16
-28.32,-2.0,-68.0,-0.081295565,0.82925564,0.04021499,-34.0,-1.0,-14.16
-28.32,-2.0,-68.0,-0.08917476,0.77004457,0.050357915,-34.0,-1.0,-14.16
-28.54,-2.0,-54.0,-0.09071247,0.79466885,0.043757908,-27.0,-1.0,-14.27
-28.54,-2.0,-54.0,-0.08657592,0.79161906,0.03191739,-27.0,-1.0,-14.27
-28.54,-2.0,-54.0,-0.078158885,0.8229323,0.02742684,-27.0,-1.0,-14.27
-28.54,-2.0,-54.0,-0.087463535,0.78275603,0.037372764,-27.0,-1.0,-14.27
-28.54,-2.0,-54.0,-0.089925446,0.77689284,0.039971557,-27.0,-1.0,-14.27
-28.54,-2.0,-54.0,-0.08572704,0.7437078,0.028924147,-27.0,-1.0,-14.27
-28.54,-2.0,-54.0,-0.08149273,0.74550456,0.029195609,-27.0,-1.0,-14.27
-28.54,-2.0,-54.0,-0.083281726,0.77424294,0.030957295,-27.0,-1.0,-14.27
-28.58,-2.0,-58.0,-0.0802544,0.85976046,0.031239724,-29.0,-1.0,-14.29
-28.58,-2.0,-58.0,-0.08252508,0.8248705,0.042296525,-29.0,-1.0,-14.29
-28.58,-2.0,-58.0,-0.09060368,0.8259479,0.054570097,-29.0,-1.0,-14.29
-28.58,-2.0,-58.0,-0.084314026,0.8165951,0.036434006,-29.0,-1.0,-14.29
-28.58,-2.0,-58.0,-0.07677405,0.8316935,0.019241782,-29.0,-1.0,-14.29
-28.58,-2.0,-58.0,-0.070854984,0.78643405,0.025689252,-29.0,-1.0,-14.29
-28.58,-2.0,-58.0,-0.08198382,0.81218404,0.028513052,-29.0,-1.0,-14.29
-28.86,-2.0,-64.0,-0.0745015,0.7996209,0.036887128,-32.0,-1.0,-14.43
-28.86,-2.0,-64.0,-0.08084399,0.8041322,0.027236346,-32.0,-1.0,-14.43
-28.86,-2.0,-64.0,-0.08880152,0.7958505,0.047915228,-32.0,-1.0,-14.43
-28.86,-2.0,-64.0,-0.08994406,0.7994755,0.037692882,-32.0,-1.0,-14.43
-28.86,-2.0,-64.0,-0.08880841,0.77716994,0.047336515,-32.0,-1.0,-14.43
-28.86,-2.0,-64.0,-0.08813867,0.74482244,0.049774963,-32.0,-1.0,-14.43
-28.86,-2.0,-64.0,-0.08287982,0.7772044,0.03317785,-32.0,-1.0,-14.43
-28.86,-2.0,-64.0,-0.08184714,0.8041432,0.04120564,-32.0,-1.0,-14.43
-29.78,-10.0,-72.0,-0.07503651,0.8211008,0.04370675,-36.0,-5.0,-14.89
-29.78,-10.0,-72.0,-0.07510428,0.83911264,0.024526786,-36.0,-5.0,-14.89
-29.78,-10.0,-72.0,-0.07683142,0.81940955,0.025292018,-36.0,-5.0,-14.89
-29.78,-10.0,-72.0,-0.08136398,0.8038525,0.029335674,-36.0,-5.0,-14.89
-29.78,-10.0,-72.0,-0.084973715,0.7880046,0.0548548,-36.0,-5.0,-14.89
-29.78,-10.0,-72.0,-0.08146383,0.79720914,0.032816667,-36.0,-5.0,-14.89
-29.78,-10.0,-72.0,-0.0791691,0.8309022,0.0303044,-36.0,-5.0,-14.89
-30.16,-8.0,-72.0,-0.08920811,0.7645137,0.050747935,-36.0,-4.0,-15.08
-30.16,-8.0,-72.0,-0.08019071,0.78524905,0.034709863,-36.0,-4.0,-15.08
-30.16,-8.0,-72.0,-0.073257454,0.8688695,0.024180746,-36.0,-4.0,-15.08
-30.16,-8.0,-72.0,-0.0795208,0.79414344,0.024695981,-36.0,-4.0,-15.08
-30.16,-8.0,-72.0,-0.08690591,0.7760335,0.041015632,-36.0,-4.0,-15.08
-30.16,-8.0,-72.0,-0.08080268,0.7892564,0.037601046,-36.0,-4.0,-15.08
-30.16,-8.0,-72.0,-0.084751256,0.7624744,0.04378619,-36.0,-4.0,-15.08
-30.16,-8.0,-72.0,-0.09231015,0.7831904,0.042070754,-36.0,-4.0,-15.08
-29.88,-8.0,-72.0,-0.08039052,0.8382619,0.040347863,-36.0,-4.0,-14.94
-29.88,-8.0,-72.0,-0.083399326,0.7924135,0.0274628,-36.0,-4.0,-14.94
-29.88,-8.0,-72.0,-0.07307592,0.8558254,0.023420112,-36.0,-4.0,-14.94
-29.88,-8.0,-72.0,-0.08048255,0.8218038,0.037318803,-36.0,-4.0,-14.94
-29.88,-8.0,-72.0,-0.08303044,0.80579376,0.03982644,-36.0,-4.0,-14.94
-29.88,-8.0,-72.0,-0.08431489,0.7978501,0.035821553,-36.0,-4.0,-14.94
-29.88,-8.0,-72.0,-0.078785114,0.80134684,0.028677318,-36.0,-4.0,-14.94
-29.6,-8.0,-72.0,-0.08288207,0.7882932,0.04064161,-36.0,-4.0,-14.8
-29.6,-8.0,-72.0,-0.08739709,0.7675875,0.046593443,-36.0,-4.0,-14.8
-29.6,-8.0,-72.0,-0.08519161,0.7785658,0.039207745,-36.0,-4.0,-14.8
-29.6,-8.0,-72.0,-0.08389763,0.7867085,0.03523929,-36.0,-4.0,-14.8
-29.6,-8.0,-72.0,-0.0810969,0.7794445,0.03385547,-36.0,-4.0,-14.8
-29.6,-8.0,-72.0,-0.080472946,0.7878275,0.03537577,-36.0,-4.0,-14.8
-29.6,-8.0,-72.0,-0.082104154,0.85309595,0.036637716,-36.0,-4.0,-14.8
-29.6,-8.0,-72.0,-0.075073086,0.7721986,0.032560695,-36.0,-4.0,-14.8
-29.76,-8.0,-72.0,-0.07089777,0.7468787,0.023594113,-36.0,-4.0,-14.88
-29.76,-8.0,-72.0,-0.06901465,0.765039,0.014292357,-36.0,-4.0,-14.88
-29.76,-8.0,-72.0,-0.084955476,0.72793335,0.04503717,-36.0,-4.0,-14.88
-29.76,-8.0,-72.0,-0.08021056,0.73103625,0.03442573,-36.0,-4.0,-14.88
-29.76,-8.0,-72.0,-0.07616487,0.7531883,0.033130743,-36.0,-4.0,-14.88
-29.76,-8.0,-72.0,-0.07694295,0.80945534,0.032847695,-36.0,-4.0,-14.88
-29.76,-8.0,-72.0,-0.07246291,0.8590065,0.017188711,-36.0,-4.0,-14.88
-29.02,-8.0,-72.0,-0.08349755,0.74910706,0.030436577,-36.0,-4.0,-14.51
-29.02,-8.0,-72.0,-0.0845577,0.7728002,0.03311357,-36.0,-4.0,-14.51
-29.02,-8.0,-72.0,-0.075418554,0.8097152,0.020601379,-36.0,-4.0,-14.51
-29.02,-8.0,-72.0,-0.07468513,0.77852803,0.023090672,-36.0,-4.0,-14.51
-29.02,-8.0,-72.0,-0.07665502,0.86900586,0.037446458,-36.0,-4.0,-14.51
-29.02,-8.0,-72.0,-0.078483365,0.81849885,0.02549189,-36.0,-4.0,-14.51
-29.02,-8.0,-72.0,-0.08043294,0.8014335,0.027928634,-36.0,-4.0,-14.51
-29.02,-8.0,-72.0,-0.08373698,0.77153903,0.035714794,-36.0,-4.0,-14.51
-28.54,-8.0,-72.0,-0.081831194,0.7842581,0.040589746,-36.0,-4.0,-14.27
-28.54,-8.0,-72.0,-0.07810744,0.8071076,0.03327214,-36.0,-4.0,-14.27
-28.54,-8.0,-72.0,-0.08325913,0.79551476,0.045197207,-36.0,-4.0,-14.27
-28.54,-8.0,-72.0,-0.07887223,0.81222224,0.03895829,-36.0,-4.0,-14.27
-28.54,-8.0,-72.0,-0.07959018,0.8394244,0.027436685,-36.0,-4.0,-14.27
-28.54,-8.0,-72.0,-0.08030405,0.79380983,0.03197684,-36.0,-4.0,-14.27
-28.54,-8.0,-72.0,-0.08355975,0.7990032,0.03522638,-36.0,-4.0,-14.27
-27.94,-6.0,-72.0,-0.07509063,0.7752178,0.029587962,-36.0,-3.0,-13.97
-27.94,-6.0,-72.0,-0.07676951,0.8159143,0.029028805,-36.0,-3.0,-13.97
-27.94,-6.0,-72.0,-0.079459,0.7949705,0.04694657,-36.0,-3.0,-13.97
-27.94,-6.0,-72.0,-0.08456747,0.7650255,0.04204448,-36.0,-3.0,-13.97
-27.94,-6.0,-72.0,-0.08780075,0.79797137,0.044125475,-36.0,-3.0,-13.97
-27.94,-6.0,-72.0,-0.07695239,0.80214566,0.018887023,-36.0,-3.0,-13.97
-27.94,-6.0,-72.0,-0.07906144,0.81075454,0.034220908,-36.0,-3.0,-13.97
-27.94,-6.0,-72.0,-0.07916888,0.7711113,0.036676273,-36.0,-3.0,-13.97
-28.0,-6.0,-72.0,-0.080503196,0.78178877,0.036091726,-36.0,-3.0,-14.0
-28.0,-6.0,-72.0,-0.08469631,0.7556277,0.0265365,-36.0,-3.0,-14.0
-28.0,-6.0,-72.0,-0.075248696,0.83844084,0.02421037,-36.0,-3.0,-14.0
-28.0,-6.0,-72.0,-0.07387059,0.8614706,0.018735612,-36.0,-3.0,-14.0
-28.0,-6.0,-72.0,-0.07234896,0.84180945,0.021110332,-36.0,-3.0,-14.0
-28.0,-6.0,-72.0,-0.07421238,0.79932255,0.025193563,-36.0,-3.0,-14.0
-28.0,-6.0,-72.0,-0.07926139,0.78418124,0.026204607,-36.0,-3.0,-14.0
-27.24,-6.0,-72.0,-0.08139124,0.82404,0.04350076,-36.0,-3.0,-13.62
-27.24,-6.0,-72.0,-0.086582325,0.8063685,0.031714935,-36.0,-3.0,-13.62
-27.24,-6.0,-72.0,-0.081458904,0.81387705,0.032485552,-36.0,-3.0,-13.62
-27.24,-6.0,-72.0,-0.08824365,0.74485755,0.03440885,-36.0,-3.0,-13.62
-27.24,-6.0,-72.0,-0.08136756,0.73776585,0.03621592,-36.0,-3.0,-13.62
-27.24,-6.0,-72.0,-0.0797366,0.8197415,0.040104136,-36.0,-3.0,-13.62
-27.24,-6.0,-72.0,-0.07589548,0.85697734,0.019214202,-36.0,-3.0,-13.62
-27.24,-6.0,-72.0,-0.08051442,0.79546,0.03548579,-36.0,-3.0,-13.62
-26.44,0.0,-72.0,-0.076026484,0.819384,0.032022886,-36.0,0.0,-13.22
-26.44,0.0,-72.0,-0.07838572,0.7819958,0.027973004,-36.0,0.0,-13.22
-26.44,0.0,-72.0,-0.081589974,0.7903169,0.0375697,-36.0,0.0,-13.22
-26.44,0.0,-72.0,-0.07292418,0.8228506,0.018430889,-36.0,0.0,-13.22
-26.44,0.0,-72.0,-0.07677395,0.818504,0.023298452,-36.0,0.0,-13.22
-26.44,0.0,-72.0,-0.081941314,0.7891903,0.03582973,-36.0,0.0,-13.22
-26.44,0.0,-72.0,-0.08226934,0.77573496,0.030544285,-36.0,0.0,-13.22
-25.74,0.0,-72.0,-0.08269334,0.79815465,0.0374936,-36.0,0.0,-12.87
-25.74,0.0,-72.0,-0.0738912,0.83628285,0.023073077,-36.0,0.0,-12.87
-25.74,0.0,-72.0,-0.067554615,0.8634173,0.01067431,-36.0,0.0,-12.87
-25.74,0.0,-72.0,-0.07439025,0.8431824,0.018680304,-36.0,0.0,-12.87
-25.74,0.0,-72.0,-0.08777181,0.81426316,0.055990893,-36.0,0.0,-12.87
-25.74,0.0,-72.0,-0.083890446,0.79975736,0.030404888,-36.0,0.0,-12.87
-25.74,0.0,-72.0,-0.06855019,0.811395,0.021665053,-36.0,0.0,-12.87
-25.74,0.0,-72.0,-0.07545681,0.8218881,0.0259407,-36.0,0.0,-12.87
-25.38,0.0,-72.0,-0.08101569,0.8179413,0.051907074,-36.0,0.0,-12.69
-25.38,0.0,-72.0,-0.08926857,0.7793484,0.048199058,-36.0,0.0,-12.69
-25.38,0.0,-72.0,-0.08510637,0.80940795,0.05179454,-36.0,0.0,-12.69
-25.38,0.0,-72.0,-0.08593513,0.7433067,0.044996716,-36.0,0.0,-12.69
-25.38,0.0,-72.0,-0.079096526,0.8093718,0.028920257,-36.0,0.0,-12.69
-25.38,0.0,-72.0,-0.07651374,0.79395026,0.02151407,-36.0,0.0,-12.69
-25.38,0.0,-72.0,-0.067579895,0.7685171,0.011733379,-36.0,0.0,-12.69
-25.14,0.0,-72.0,-0.078993894,0.74526817,0.029169133,-36.0,0.0,-12.57
-25.14,0.0,-72.0,-0.08131261,0.8148565,0.037581515,-36.0,0.0,-12.57
-25.14,0.0,-72.0,-0.07736436,0.72238517,0.03460499,-36.0,0.0,-12.57
-25.14,0.0,-72.0,-0.08118136,0.78500575,0.03010874,-36.0,0.0,-12.57
-25.14,0.0,-72.0,-0.07261499,0.8390208,0.02016987,-36.0,0.0,-12.57
-25.14,0.0,-72.0,-0.06591222,0.7897214,0.032177813,-36.0,0.0,-12.57
-25.14,0.0,-72.0,-0.08196221,0.76874024,0.027293254,-36.0,0.0,-12.57
-25.14,0.0,-72.0,-0.087163016,0.8002383,0.050809033,-36.0,0.0,-12.57
-25.06,0.0,-72.0,-0.08104562,0.81185114,0.036469754,-36.0,0.0,-12.53
-25.06,0.0,-72.0,-0.07967418,0.81152135,0.029756473,-36.0,0.0,-12.53
-25.06,0.0,-72.0,-0.06602772,0.8907621,0.01891363,-36.0,0.0,-12.53
-25.06,0.0,-72.0,-0.081130266,0.8122672,0.030170321,-36.0,0.0,-12.53
-25.06,0.0,-72.0,-0.07807754,0.8545748,0.025920717,-36.0,0.0,-12.53
-25.06,0.0,-72.0,-0.08075856,0.7878212,0.038583014,-36.0,0.0,-12.53
-25.06,0.0,-72.0,-0.08771321,0.7545002,0.043876648,-36.0,0.0,-12.53
-25.44,0.0,-72.0,-0.092104845,0.7664537,0.06475313,-36.0,0.0,-12.72
-25.44,0.0,-72.0,-0.08123778,0.77694005,0.033005707,-36.0,0.0,-12.72
-25.44,0.0,-72.0,-0.07936807,0.7763148,0.03005551,-36.0,0.0,-12.72
-25.44,0.0,-72.0,-0.072889894,0.7969535,0.03132547,-36.0,0.0,-12.72
-25.44,0.0,-72.0,-0.07767282,0.7967518,0.03213131,-36.0,0.0,-12.72
-25.44,0.0,-72.0,-0.072162375,0.7521378,0.031542428,-36.0,0.0,-12.72
-25.44,0.0,-72.0,-0.08637629,0.7893541,0.04923073,-36.0,0.0,-12.72
-25.44,0.0,-72.0,-0.08156171,0.8114712,0.039682023,-36.0,0.0,-12.72
-25.44,0.0,-72.0,-0.07727692,0.81103975,0.041301746,-36.0,0.0,-12.72
-25.44,0.0,-72.0,-0.0799818,0.8313694,0.027696539,-36.0,0.0,-12.72
-25.44,0.0,-72.0,-0.06403179,0.8250813,0.016044555,-36.0,0.0,-12.72
-25.44,0.0,-72.0,-0.083443254,0.78645235,0.036761507,-36.0,0.0,-12.72
-25.44,0.0,-72.0,-0.0892454,0.8006152,0.03824842,-36.0,0.0,-12.72
-25.44,0.0,-72.0,-0.083126165,0.7842054,0.035255425,-36.0,0.0,-12.72
-25.44,0.0,-72.0,-0.07743761,0.819826,0.029843863,-36.0,0.0,-12.72
-25.32,0.0,-58.0,-0.07654961,0.8073333,0.030739147,-29.0,0.0,-12.66
-25.32,0.0,-58.0,-0.08624927,0.78707397,0.040580545,-29.0,0.0,-12.66
-25.32,0.0,-58.0,-0.08431184,0.73598224,0.038888134,-29.0,0.0,-12.66
-25.32,0.0,-58.0,-0.081501804,0.75376415,0.032824833,-29.0,0.0,-12.66
-25.32,0.0,-58.0,-0.08299985,0.77754694,0.044408124,-29.0,0.0,-12.66
-25.32,0.0,-58.0,-0.08499702,0.7544422,0.030734917,-29.0,0.0,-12.66
-25.32,0.0,-58.0,-0.0764121,0.7885532,0.029154522,-29.0,0.0,-12.66
-25.32,0.0,-58.0,-0.08699131,0.76806504,0.05543103,-29.0,0.0,-12.66
-25.7,0.0,-58.0,-0.08334323,0.757475,0.047213826,-29.0,0.0,-12.85
-25.7,0.0,-58.0,-0.08155944,0.78407824,0.027310943,-29.0,0.0,-12.85
-25.7,0.0,-58.0,-0.07184584,0.79848456,0.027059367,-29.0,0.0,-12.85
-25.7,0.0,-58.0,-0.08151962,0.7981869,0.028136222,-29.0,0.0,-12.85
-25.7,0.0,-58.0,-0.081476495,0.79047483,0.03813201,-29.0,0.0,-12.85
-25.7,0.0,-58.0,-0.08005451,0.7428545,0.03838936,-29.0,0.0,-12.85
-25.7,0.0,-58.0,-0.08502431,0.74252266,0.044184987,-29.0,0.0,-12.85
-26.92,0.0,-62.0,-0.091821596,0.7509052,0.061940107,-31.0,0.0,-13.46
-26.92,0.0,-62.0,-0.07964308,0.7421786,0.031692997,-31.0,0.0,-13.46
-26.92,0.0,-62.0,-0.06674287,0.73351276,0.015366702,-31.0,0.0,-13.46
