nan,nan,nan,-0.07554583,1.0232512,0.015093625,,,
nan,nan,nan,-0.06472297,1.0272714,0.017681917,,,
nan,nan,nan,-0.065462396,1.0565505,0.013285695,,,
nan,nan,nan,-0.060112987,1.0911664,0.012877133,,,
nan,nan,nan,-0.061044063,1.1681191,0.008559893,,,
nan,nan,nan,-0.061490364,1.0893884,0.008952542,,,
nan,nan,nan,-0.061934736,1.0909358,0.010370253,,,
nan,nan,nan,-0.06373485,1.0577327,0.015798496,,,
-15.25,-10.0,-23.0,-0.068754904,1.0116774,0.015430214,-12.0,-3.0,-7.625
-12.166666666666666,-4.0,-23.0,-0.07162986,1.0740832,0.01623461,-12.0,0.0,-6.083333333333333
-12.166666666666666,-4.0,-23.0,-0.06556034,1.0514987,0.0075575006,-12.0,0.0,-6.083333333333333
-12.166666666666666,-4.0,-23.0,-0.06732518,1.0348179,0.010496083,-12.0,0.0,-6.083333333333333
-12.166666666666666,-4.0,-23.0,-0.0645012,1.0732915,0.010906949,-12.0,0.0,-6.083333333333333
-12.166666666666666,-4.0,-23.0,-0.06308,1.0601233,0.010703979,-12.0,0.0,-6.083333333333333
-12.166666666666666,-4.0,-23.0,-0.061236843,1.0882568,0.0058320602,-12.0,0.0,-6.083333333333333
-12.166666666666666,-4.0,-23.0,-0.06326878,0.97039795,0.011839634,-12.0,0.0,-6.083333333333333
-12.166666666666666,-4.0,-23.0,-0.06944413,0.94981897,0.011907521,-12.0,0.0,-6.083333333333333
-11.4375,-4.0,-23.0,-0.06216168,0.9912521,0.012745826,-12.0,0.0,-5.71875
-12.416666666666666,-4.0,-24.0,-0.054558966,1.024692,0.010719417,-14.0,0.0,-6.208333333333333
-12.416666666666666,-4.0,-24.0,-0.07345212,1.0752748,0.017745616,-14.0,0.0,-6.208333333333333
-12.416666666666666,-4.0,-24.0,-0.07789235,1.0461583,0.022589218,-14.0,0.0,-6.208333333333333
-12.416666666666666,-4.0,-24.0,-0.064409934,1.0824355,0.01307533,-14.0,0.0,-6.208333333333333
-12.416666666666666,-4.0,-24.0,-0.060861096,1.0940442,0.0117688645,-14.0,0.0,-6.208333333333333
-12.416666666666666,-4.0,-24.0,-0.06488309,1.0388285,0.0122329155,-14.0,0.0,-6.208333333333333
-12.416666666666666,-4.0,-24.0,-0.078455165,1.015911,0.019558003,-14.0,0.0,-6.208333333333333
-12.416666666666666,-4.0,-24.0,-0.06496255,1.024453,0.019314539,-14.0,0.0,-6.208333333333333
-13.535714285714286,-4.0,-26.0,-0.07288866,1.0402383,0.022850728,-15.0,0.0,-6.767857142857143
-14.38888888888889,-2.0,-33.0,-0.07660909,1.0662097,0.023940869,-21.0,0.0,-7.194444444444445
-14.38888888888889,-2.0,-33.0,-0.06494913,1.127776,0.018378291,-21.0,0.0,-7.194444444444445
-14.38888888888889,-2.0,-33.0,-0.06650116,1.0804493,0.015108528,-21.0,0.0,-7.194444444444445
-14.38888888888889,-2.0,-33.0,-0.06633125,1.0377654,0.020966774,-21.0,0.0,-7.194444444444445
-14.38888888888889,-2.0,-33.0,-0.06876247,1.0220025,0.023792567,-21.0,0.0,-7.194444444444445
-14.38888888888889,-2.0,-33.0,-0.065532126,1.0300614,0.014027881,-21.0,0.0,-7.194444444444445
-14.38888888888889,-2.0,-33.0,-0.07311769,1.0556271,0.0254627,-21.0,0.0,-7.194444444444445
-14.38888888888889,-2.0,-33.0,-0.07016948,1.0936452,0.013421233,-21.0,0.0,-7.194444444444445
-14.675,-2.0,-33.0,-0.06325315,1.0792099,0.018693205,-21.0,0.0,-7.3375
-15.270833333333334,-2.0,-38.0,-0.06826861,1.0784957,0.02459265,-24.0,0.0,-7.635416666666667
-15.270833333333334,-2.0,-38.0,-0.071480304,1.012469,0.020805541,-24.0,0.0,-7.635416666666667
-15.270833333333334,-2.0,-38.0,-0.06452778,1.0471286,0.014221803,-24.0,0.0,-7.635416666666667
-15.270833333333334,-2.0,-38.0,-0.06568851,1.0717493,0.01718119,-24.0,0.0,-7.635416666666667
-15.270833333333334,-2.0,-38.0,-0.06641758,1.0600597,0.01319619,-24.0,0.0,-7.635416666666667
-15.270833333333334,-2.0,-38.0,-0.06621744,1.0569172,0.014723564,-24.0,0.0,-7.635416666666667
-15.270833333333334,-2.0,-38.0,-0.075639695,1.050759,0.021834577,-24.0,0.0,-7.635416666666667
-15.270833333333334,-2.0,-38.0,-0.07461373,1.0081271,0.021221928,-24.0,0.0,-7.635416666666667
-15.384615384615385,-2.0,-38.0,-0.07397377,0.9736005,0.022922046,-24.0,0.0,-7.6923076923076925
-16.05,-2.0,-38.0,-0.07204234,1.0613263,0.016919525,-24.0,0.0,-8.025
-16.05,-2.0,-38.0,-0.07731689,1.0251687,0.016965836,-24.0,0.0,-8.025
-16.05,-2.0,-38.0,-0.06868751,1.0357156,0.02189988,-24.0,0.0,-8.025
-16.05,-2.0,-38.0,-0.06875254,1.0497222,0.014479362,-24.0,0.0,-8.025
-16.05,-2.0,-38.0,-0.064867325,1.0135572,0.01895595,-24.0,0.0,-8.025
-16.05,-2.0,-38.0,-0.077046245,0.98968506,0.016640965,-24.0,0.0,-8.025
-16.05,-2.0,-38.0,-0.07189595,1.0302198,0.017531576,-24.0,0.0,-8.025
-16.05,-2.0,-38.0,-0.06674277,1.0380883,0.013015194,-24.0,0.0,-8.025
-16.015625,-2.0,-38.0,-0.06503283,1.048875,0.014175081,-24.0,0.0,-8.0078125
-16.22222222222222,-2.0,-38.0,-0.06533349,1.0227543,0.01486491,-24.0,0.0,-8.11111111111111
-16.22222222222222,-2.0,-38.0,-0.067952186,1.0021911,0.014363686,-24.0,0.0,-8.11111111111111
-16.22222222222222,-2.0,-38.0,-0.07137861,1.0507861,0.0125792865,-24.0,0.0,-8.11111111111111
-16.22222222222222,-2.0,-38.0,-0.07288153,1.0103607,0.015674595,-24.0,0.0,-8.11111111111111
-16.22222222222222,-2.0,-38.0,-0.059730124,1.0607535,0.010559469,-24.0,0.0,-8.11111111111111
-16.22222222222222,-2.0,-38.0,-0.06342644,1.0081617,0.016449805,-24.0,0.0,-8.11111111111111
-16.22222222222222,-2.0,-38.0,-0.07259456,0.9070495,0.013891437,-24.0,0.0,-8.11111111111111
-16.22222222222222,-2.0,-38.0,-0.07597332,0.9879825,0.009367645,-24.0,0.0,-8.11111111111111
-16.039473684210527,-2.0,-38.0,-0.06647856,1.0167962,0.017033508,-24.0,0.0,-8.019736842105264
-16.035714285714285,-1.0,-38.0,-0.0744853,0.96820545,0.01828933,-24.0,0.0,-8.017857142857142
-16.035714285714285,-1.0,-38.0,-0.075143844,1.0216441,0.016730087,-24.0,0.0,-8.017857142857142
-16.035714285714285,-1.0,-38.0,-0.063342385,0.9998419,0.009674007,-24.0,0.0,-8.017857142857142
-16.035714285714285,-1.0,-38.0,-0.06097164,1.0639409,0.011787416,-24.0,0.0,-8.017857142857142
-16.035714285714285,-1.0,-38.0,-0.061947234,1.0917153,0.008319985,-24.0,0.0,-8.017857142857142
-16.035714285714285,-1.0,-38.0,-0.067733005,1.05127,0.0104417885,-24.0,0.0,-8.017857142857142
-16.035714285714285,-1.0,-38.0,-0.06465599,1.1053358,0.0031772084,-24.0,0.0,-8.017857142857142
-16.035714285714285,-1.0,-38.0,-0.06111448,1.0364432,0.009226192,-24.0,0.0,-8.017857142857142
-15.795454545454545,-1.0,-38.0,-0.07201721,1.0059512,0.01777413,-24.0,0.0,-7.8977272727272725
-15.479166666666666,-1.0,-38.0,-0.064122334,1.046034,0.01665456,-24.0,0.0,-7.739583333333333
-15.479166666666666,-1.0,-38.0,-0.055197086,1.0540835,0.006784129,-24.0,0.0,-7.739583333333333
-15.479166666666666,-1.0,-38.0,-0.064552695,1.0408853,0.01679544,-24.0,0.0,-7.739583333333333
-15.479166666666666,-1.0,-38.0,-0.0675491,1.0572352,0.015483311,-24.0,0.0,-7.739583333333333
-15.479166666666666,-1.0,-38.0,-0.074490026,1.0816904,0.01431596,-24.0,0.0,-7.739583333333333
-15.479166666666666,-1.0,-38.0,-0.0613964,1.1135166,0.007946711,-24.0,0.0,-7.739583333333333
-15.479166666666666,-1.0,-38.0,-0.06666376,1.0573959,0.0116248485,-24.0,0.0,-7.739583333333333
-15.479166666666666,-1.0,-38.0,-0.06895272,1.0071394,0.01572392,-24.0,0.0,-7.739583333333333
-15.36,-1.0,-38.0,-0.06977636,1.0251727,0.014260151,-24.0,0.0,-7.68
-15.2,-1.0,-38.0,-0.065678276,1.0704163,0.015688919,-24.0,0.0,-7.6
-15.2,-1.0,-38.0,-0.05989286,1.0605125,0.011636322,-24.0,0.0,-7.6
-15.2,-1.0,-38.0,-0.06555315,1.0603215,0.014709299,-24.0,0.0,-7.6
-15.2,-1.0,-38.0,-0.07024254,1.0636971,0.015522311,-24.0,0.0,-7.6
-15.2,-1.0,-38.0,-0.07043889,1.001185,0.018792832,-24.0,0.0,-7.6
-15.2,-1.0,-38.0,-0.07161062,1.0065627,0.02040422,-24.0,0.0,-7.6
-15.2,-1.0,-38.0,-0.067173235,1.0288557,0.011217573,-24.0,0.0,-7.6
-15.2,-1.0,-38.0,-0.07170614,0.9900458,0.0124603035,-24.0,0.0,-7.6
-15.34,-1.0,-38.0,-0.06520312,0.9452166,0.014576299,-24.0,0.0,-7.67
-15.75,-1.0,-38.0,-0.06320291,0.9769062,0.014647689,-24.0,0.0,-7.875
-15.75,-1.0,-38.0,-0.06976629,1.0300657,0.011509423,-24.0,0.0,-7.875
-15.75,-1.0,-38.0,-0.07004556,1.0227759,0.02019963,-24.0,0.0,-7.875
-15.75,-1.0,-38.0,-0.06568698,1.0773677,0.013686452,-24.0,0.0,-7.875
-15.75,-1.0,-38.0,-0.06304029,0.9969869,0.0118585685,-24.0,0.0,-7.875
-15.75,-1.0,-38.0,-0.06811096,1.0215446,0.012590831,-24.0,0.0,-7.875
-15.75,-1.0,-38.0,-0.077325076,1.0224522,0.015493793,-24.0,0.0,-7.875
-15.75,-1.0,-38.0,-0.06634852,1.0898958,0.014614554,-24.0,0.0,-7.875
-15.69,-1.0,-38.0,-0.074384324,1.0174367,0.01894754,-24.0,1.0,-7.845
-15.39,-1.0,-38.0,-0.06498839,0.9917148,0.017692408,-24.0,1.0,-7.695
-15.39,-1.0,-38.0,-0.07128204,1.0189654,0.02344505,-24.0,1.0,-7.695
-15.39,-1.0,-38.0,-0.07171406,1.0835203,0.017217316,-24.0,1.0,-7.695
-15.39,-1.0,-38.0,-0.07202316,1.0513355,0.017549999,-24.0,1.0,-7.695
-15.39,-1.0,-38.0,-0.06640498,1.0068115,0.015605398,-24.0,1.0,-7.695
-15.39,-1.0,-38.0,-0.065443665,1.0154437,0.011292407,-24.0,1.0,-7.695
-15.39,-1.0,-38.0,-0.066823356,0.97879016,0.010720821,-24.0,1.0,-7.695
-15.39,-1.0,-38.0,-0.06593669,1.0153029,0.013748083,-24.0,1.0,-7.695
-15.29,-1.0,-38.0,-0.06354042,1.0487887,0.014218023,-24.0,1.0,-7.645
-15.08,-1.0,-38.0,-0.062726356,1.0212315,0.011845766,-21.0,1.0,-7.54
-15.08,-1.0,-38.0,-0.0636582,1.0957375,0.00940791,-21.0,1.0,-7.54
-15.08,-1.0,-38.0,-0.06722017,1.1252483,0.01129481,-21.0,1.0,-7.54
-15.08,-1.0,-38.0,-0.0641259,1.1186355,0.010460144,-21.0,1.0,-7.54
-15.08,-1.0,-38.0,-0.07226513,1.1388323,0.014528439,-21.0,1.0,-7.54
-15.08,-1.0,-38.0,-0.071276695,1.0820584,0.01270826,-21.0,1.0,-7.54
-15.08,-1.0,-38.0,-0.06265239,1.1100899,0.012756694,-21.0,1.0,-7.54
-15.08,-1.0,-38.0,-0.06696702,1.0756963,0.013282788,-21.0,1.0,-7.54
-14.64,-1.0,-32.0,-0.057374857,1.1307052,0.006933443,-21.0,1.0,-7.32
-14.29,-1.0,-32.0,-0.070872955,1.1000028,0.01417124,-21.0,1.0,-7.145
-14.29,-1.0,-32.0,-0.06918688,1.079497,0.011169392,-21.0,1.0,-7.145
-14.29,-1.0,-32.0,-0.068185374,1.0454731,0.014658551,-21.0,1.0,-7.145
-14.29,-1.0,-32.0,-0.06386992,1.0288395,0.012004427,-21.0,1.0,-7.145
-14.29,-1.0,-32.0,-0.06635109,1.1004398,0.007857426,-21.0,1.0,-7.145
-14.29,-1.0,-32.0,-0.06611969,1.0930587,0.016315043,-21.0,1.0,-7.145
-14.29,-1.0,-32.0,-0.064167514,1.065458,0.0175402,-21.0,1.0,-7.145
-14.29,-1.0,-32.0,-0.05935614,1.1295904,0.012906256,-21.0,1.0,-7.145
-13.69,-1.0,-32.0,-0.0608444,1.1117175,0.006386145,-21.0,1.0,-6.845
-13.4,-1.0,-29.0,-0.055498783,1.1207141,0.014233271,-17.0,1.0,-6.7
-13.4,-1.0,-29.0,-0.06662419,1.0711868,0.01697198,-17.0,1.0,-6.7
-13.4,-1.0,-29.0,-0.06414127,1.0391011,0.013845382,-17.0,1.0,-6.7
-13.4,-1.0,-29.0,-0.06326698,1.0246302,0.007822684,-17.0,1.0,-6.7
-13.4,-1.0,-29.0,-0.05951326,1.0771987,0.017423188,-17.0,1.0,-6.7
-13.4,-1.0,-29.0,-0.068633795,1.0338728,0.015929723,-17.0,1.0,-6.7
-13.4,-1.0,-29.0,-0.06205009,1.0722635,0.011786687,-17.0,1.0,-6.7
-13.4,-1.0,-29.0,-0.063604556,1.0951762,0.0086618075,-17.0,1.0,-6.7
-13.18,-1.0,-29.0,-0.06357483,1.0882685,0.014136487,-17.0,1.0,-6.59
-13.19,-1.0,-29.0,-0.062158633,1.0731541,0.009612002,-17.0,1.0,-6.595
-13.19,-1.0,-29.0,-0.061633475,1.0216622,0.009048635,-17.0,1.0,-6.595
-13.19,-1.0,-29.0,-0.059688013,1.0513958,0.014563641,-17.0,1.0,-6.595
-13.19,-1.0,-29.0,-0.07226362,1.0661578,0.017593212,-17.0,1.0,-6.595
-13.19,-1.0,-29.0,-0.059612874,1.1060473,0.012336775,-17.0,1.0,-6.595
-13.19,-1.0,-29.0,-0.059116412,1.0431254,0.012142081,-17.0,1.0,-6.595
-13.19,-1.0,-29.0,-0.078860775,1.0372155,0.022608785,-17.0,1.0,-6.595
-13.19,-1.0,-29.0,-0.076385036,1.050754,0.017896706,-17.0,1.0,-6.595
-13.07,-1.0,-26.0,-0.07505425,1.064888,0.014410885,-16.0,1.0,-6.535
-13.22,-1.0,-26.0,-0.07560302,1.0286769,0.019898897,-16.0,1.0,-6.61
-13.22,-1.0,-26.0,-0.06379648,1.1109774,0.012606731,-16.0,1.0,-6.61
-13.22,-1.0,-26.0,-0.066078514,1.0872593,0.009619009,-16.0,1.0,-6.61
-13.22,-1.0,-26.0,-0.0707416,1.0180082,0.015430459,-16.0,1.0,-6.61
-13.22,-1.0,-26.0,-0.06577124,1.0092025,0.01469362,-16.0,1.0,-6.61
-13.22,-1.0,-26.0,-0.06950363,1.045894,0.01694918,-16.0,1.0,-6.61
-13.22,-1.0,-26.0,-0.0744817,1.0773988,0.016902803,-16.0,1.0,-6.61
-13.22,-1.0,-26.0,-0.073232174,1.0687453,0.02129956,-16.0,1.0,-6.61
-13.3,-1.0,-26.0,-0.06734597,1.0808094,0.018477853,-16.0,1.0,-6.65
-13.67,-1.0,-26.0,-0.0702421,1.0725652,0.015735058,-16.0,1.0,-6.835
-13.67,-1.0,-26.0,-0.074960746,1.0013033,0.016160468,-16.0,1.0,-6.835
-13.67,-1.0,-26.0,-0.068980776,1.0659994,0.014628828,-16.0,1.0,-6.835
-13.67,-1.0,-26.0,-0.06687672,1.0509925,0.023061974,-16.0,1.0,-6.835
-13.67,-1.0,-26.0,-0.0698165,1.042729,0.0155388415,-16.0,1.0,-6.835
-13.67,-1.0,-26.0,-0.07064345,1.0063261,0.021099925,-16.0,1.0,-6.835
-13.67,-1.0,-26.0,-0.06919583,1.0230745,0.016901812,-16.0,1.0,-6.835
-13.67,-1.0,-26.0,-0.072853185,1.0067768,0.017939968,-16.0,1.0,-6.835
-13.68,-1.0,-26.0,-0.060945492,1.0431799,0.014590742,-16.0,1.0,-6.84
-13.81,-1.0,-31.0,-0.07353716,1.0697529,0.017810019,-16.0,1.0,-6.905
-13.81,-1.0,-31.0,-0.06820121,1.0684555,0.014841755,-16.0,1.0,-6.905
-13.81,-1.0,-31.0,-0.05495713,1.1147797,0.011623477,-16.0,1.0,-6.905
-13.81,-1.0,-31.0,-0.06780563,1.126884,0.014719761,-16.0,1.0,-6.905
-13.81,-1.0,-31.0,-0.072186604,1.027142,0.01723295,-16.0,1.0,-6.905
-13.81,-1.0,-31.0,-0.065549515,1.0367353,0.014871809,-16.0,1.0,-6.905
-13.81,-1.0,-31.0,-0.06870877,0.9560401,0.017656434,-16.0,1.0,-6.905
-13.81,-1.0,-31.0,-0.07336315,0.9973662,0.020758267,-16.0,1.0,-6.905
-13.98,-1.0,-31.0,-0.07466519,1.0176823,0.024121054,-18.0,1.0,-6.99
-14.01,-1.0,-31.0,-0.07159285,1.0502464,0.014536823,-18.0,1.0,-7.005
-14.01,-1.0,-31.0,-0.07034059,1.0901605,0.013186608,-18.0,1.0,-7.005
-14.01,-1.0,-31.0,-0.06596122,1.0805668,0.013712609,-18.0,1.0,-7.005
-14.01,-1.0,-31.0,-0.071952455,1.0246419,0.020424718,-18.0,1.0,-7.005
-14.01,-1.0,-31.0,-0.07636926,1.0276626,0.01745089,-18.0,1.0,-7.005
-14.01,-1.0,-31.0,-0.0748466,0.99054354,0.015709568,-18.0,1.0,-7.005
-14.01,-1.0,-31.0,-0.06368234,1.0962569,0.013239729,-18.0,1.0,-7.005
-14.01,-1.0,-31.0,-0.070206836,1.0116333,0.020606117,-18.0,1.0,-7.005
-14.02,-1.0,-31.0,-0.07415816,1.0067014,0.018973006,-18.0,1.0,-7.01
-14.03,-1.0,-31.0,-0.07512267,1.0171885,0.017686972,-18.0,1.0,-7.015
-14.03,-1.0,-31.0,-0.062698245,1.1151618,0.011357024,-18.0,1.0,-7.015
-14.03,-1.0,-31.0,-0.066367336,1.0704536,0.013180823,-18.0,1.0,-7.015
-14.03,-1.0,-31.0,-0.06140213,1.0960033,0.012675818,-18.0,1.0,-7.015
-14.03,-1.0,-31.0,-0.063434795,1.0406797,0.010767578,-18.0,1.0,-7.015
-14.03,-1.0,-31.0,-0.06657306,1.0606946,0.013348166,-18.0,1.0,-7.015
-14.03,-1.0,-31.0,-0.06532304,1.0258946,0.0145868445,-18.0,1.0,-7.015
-14.03,-1.0,-31.0,-0.06647791,1.0016639,0.01698045,-18.0,1.0,-7.015
-13.82,-1.0,-31.0,-0.071390696,1.0627846,0.015344593,-18.0,1.0,-6.91
-13.86,-1.0,-31.0,-0.07083144,1.0748156,0.010995651,-18.0,1.0,-6.93
-13.86,-1.0,-31.0,-0.068478614,1.056133,0.013229559,-18.0,1.0,-6.93
-13.86,-1.0,-31.0,-0.06942295,0.9832699,0.01379007,-18.0,1.0,-6.93
-13.86,-1.0,-31.0,-0.06119248,1.0112962,0.014933789,-18.0,1.0,-6.93
-13.86,-1.0,-31.0,-0.06660024,1.0588022,0.011063006,-18.0,1.0,-6.93
-13.86,-1.0,-31.0,-0.069691345,1.0086086,0.01636746,-18.0,1.0,-6.93
-13.86,-1.0,-31.0,-0.07069605,0.9584212,0.017998934,-18.0,1.0,-6.93
-13.86,-1.0,-31.0,-0.07722704,0.94634885,0.026902664,-18.0,1.0,-6.93
-14.2,-1.0,-31.0,-0.07604977,0.99213606,0.020277519,-18.0,1.0,-7.1
-14.55,-2.0,-31.0,-0.06837852,1.1129756,0.008155817,-18.0,1.0,-7.275
-14.55,-2.0,-31.0,-0.063358046,1.0712543,0.009443072,-18.0,1.0,-7.275
-14.55,-2.0,-31.0,-0.07122135,1.0713917,0.016839076,-18.0,1.0,-7.275
-14.55,-2.0,-31.0,-0.07070125,1.0573117,0.015811317,-18.0,1.0,-7.275
-14.55,-2.0,-31.0,-0.06465694,1.1395087,0.009992671,-18.0,1.0,-7.275
-14.55,-2.0,-31.0,-0.06344663,1.1003059,0.0080545,-18.0,1.0,-7.275
-14.55,-2.0,-31.0,-0.06537035,1.0379926,0.0108931605,-18.0,1.0,-7.275
-14.55,-2.0,-31.0,-0.06971993,1.0347623,0.013515834,-18.0,1.0,-7.275
-14.47,-2.0,-31.0,-0.0704284,1.0440115,0.015203878,-18.0,1.0,-7.235
-14.48,-1.0,-31.0,-0.06426632,1.0520346,0.0115752835,-18.0,1.0,-7.24
-14.48,-1.0,-31.0,-0.06059758,1.0728781,0.011844663,-18.0,1.0,-7.24
-14.48,-1.0,-31.0,-0.0649129,1.0558183,0.014489421,-18.0,1.0,-7.24
-14.48,-1.0,-31.0,-0.061961267,1.1008868,0.0073778434,-18.0,1.0,-7.24
-14.48,-1.0,-31.0,-0.06355166,1.0718436,0.009119858,-18.0,1.0,-7.24
-14.48,-1.0,-31.0,-0.051003814,1.0727084,0.006175043,-18.0,1.0,-7.24
-14.48,-1.0,-31.0,-0.06520264,1.0261847,0.01019442,-18.0,1.0,-7.24
-14.48,-1.0,-31.0,-0.06081715,1.0641826,0.011015098,-18.0,1.0,-7.24
-14.52,-1.0,-31.0,-0.06708506,1.0543054,0.020249855,-18.0,1.0,-7.26
-14.2,-1.0,-31.0,-0.063295245,1.0984927,0.015917452,-18.0,1.0,-7.1
-14.2,-1.0,-31.0,-0.059486564,1.1390446,0.013551141,-18.0,1.0,-7.1
-14.2,-1.0,-31.0,-0.06307096,1.1483436,0.010898247,-18.0,1.0,-7.1
-14.2,-1.0,-31.0,-0.06206084,1.1157069,0.009441281,-18.0,1.0,-7.1
-14.2,-1.0,-31.0,-0.06647752,1.0909256,0.012536319,-18.0,1.0,-7.1
-14.2,-1.0,-31.0,-0.06392697,1.085569,0.012210693,-18.0,1.0,-7.1
-14.2,-1.0,-31.0,-0.06340458,1.1230052,0.012071928,-18.0,1.0,-7.1
-14.2,-1.0,-31.0,-0.0612895,1.1084015,0.010367365,-18.0,1.0,-7.1
-14.28,-1.0,-31.0,-0.06813001,1.068763,0.013941129,-18.0,1.0,-7.14
-14.05,-1.0,-31.0,-0.06995762,1.0502952,0.012692879,-18.0,1.0,-7.025
-14.05,-1.0,-31.0,-0.07950958,0.990655,0.017416531,-18.0,1.0,-7.025
-14.05,-1.0,-31.0,-0.07088879,1.0744604,0.014995079,-18.0,1.0,-7.025
-14.05,-1.0,-31.0,-0.07639792,1.075485,0.020712849,-18.0,1.0,-7.025
-14.05,-1.0,-31.0,-0.07170124,1.0291852,0.022663208,-18.0,1.0,-7.025
-14.05,-1.0,-31.0,-0.07530163,1.0418493,0.018211296,-18.0,1.0,-7.025
-14.05,-1.0,-31.0,-0.06789096,1.1071527,0.013620023,-18.0,1.0,-7.025
-14.05,-1.0,-31.0,-0.06686665,1.0909984,0.012177079,-18.0,1.0,-7.025
-14.1,-1.0,-31.0,-0.06824264,1.0557073,0.015897268,-18.0,1.0,-7.05
-14.41,-1.0,-32.0,-0.0732482,1.0841271,0.014924075,-18.0,1.0,-7.205
-14.41,-1.0,-32.0,-0.06633767,1.1382324,0.011912149,-18.0,1.0,-7.205
-14.41,-1.0,-32.0,-0.058329973,1.1454395,0.006954649,-18.0,1.0,-7.205
-14.41,-1.0,-32.0,-0.06557218,1.1083802,0.0112578925,-18.0,1.0,-7.205
-14.41,-1.0,-32.0,-0.060148794,1.1209419,0.008068817,-18.0,1.0,-7.205
-14.41,-1.0,-32.0,-0.07468228,1.0389323,0.022503583,-18.0,1.0,-7.205
-14.41,-1.0,-32.0,-0.079251654,0.9765007,0.018921753,-18.0,1.0,-7.205
-14.41,-1.0,-32.0,-0.06799404,1.0348665,0.015229628,-18.0,1.0,-7.205
-14.35,-1.0,-32.0,-0.064990126,1.0637718,0.016140739,-18.0,0.0,-7.175
-14.11,-1.0,-32.0,-0.0669563,0.9770205,0.013123832,-18.0,0.0,-7.055
-14.11,-1.0,-32.0,-0.07065634,0.99077827,0.013815456,-18.0,0.0,-7.055
-14.11,-1.0,-32.0,-0.061992023,1.0161741,0.009394055,-18.0,0.0,-7.055
-14.11,-1.0,-32.0,-0.058562767,1.0151753,0.007778969,-18.0,0.0,-7.055
-14.11,-1.0,-32.0,-0.0622175,0.9872322,0.009868851,-18.0,0.0,-7.055
-14.11,-1.0,-32.0,-0.06464115,1.0738224,0.009675894,-18.0,0.0,-7.055
-14.11,-1.0,-32.0,-0.062233143,1.1395882,0.013136792,-18.0,0.0,-7.055
-14.11,-1.0,-32.0,-0.06252316,1.1099204,0.011125686,-18.0,0.0,-7.055
-13.9,-1.0,-32.0,-0.073291846,1.1008126,0.016246663,-18.0,0.0,-6.95
-13.72,-1.0,-32.0,-0.07097004,1.0111778,0.014173103,-18.0,2.0,-6.86
-13.72,-1.0,-32.0,-0.0761367,1.0291536,0.020923786,-18.0,2.0,-6.86
-13.72,-1.0,-32.0,-0.07552387,0.96083426,0.01702147,-18.0,2.0,-6.86
-13.72,-1.0,-32.0,-0.06575838,1.0541247,0.0086175,-18.0,2.0,-6.86
-13.72,-1.0,-32.0,-0.057117548,1.0736525,0.01131706,-18.0,2.0,-6.86
-13.72,-1.0,-32.0,-0.05840585,1.0951085,0.009039743,-18.0,2.0,-6.86
-13.72,-1.0,-32.0,-0.07267019,1.0463368,0.019596584,-18.0,2.0,-6.86
-13.72,-1.0,-32.0,-0.07419622,1.0532981,0.016303746,-18.0,2.0,-6.86
-13.68,-1.0,-32.0,-0.071662,0.98613244,0.012420833,-18.0,2.0,-6.84
-14.21,-1.0,-32.0,-0.07070718,0.9932414,0.01221961,-18.0,2.0,-7.105
-14.21,-1.0,-32.0,-0.070079796,1.0085813,0.014260805,-18.0,2.0,-7.105
-14.21,-1.0,-32.0,-0.07149919,1.0423739,0.019079307,-18.0,2.0,-7.105
-14.21,-1.0,-32.0,-0.06968805,1.0870308,0.016246676,-18.0,2.0,-7.105
-14.21,-1.0,-32.0,-0.07021858,1.0612048,0.0139417155,-18.0,2.0,-7.105
-14.21,-1.0,-32.0,-0.06288967,1.0666146,0.011357095,-18.0,2.0,-7.105
-14.21,-1.0,-32.0,-0.06272028,1.0805079,0.013125771,-18.0,2.0,-7.105
-14.21,-1.0,-32.0,-0.061819665,1.1454643,0.009320195,-18.0,2.0,-7.105
-14.03,-1.0,-32.0,-0.07022619,1.0825429,0.014206694,-18.0,2.0,-7.015
-13.87,-1.0,-32.0,-0.06838894,1.0090435,0.01653096,-18.0,2.0,-6.935
-13.87,-1.0,-32.0,-0.06877567,1.0554204,0.018410344,-18.0,2.0,-6.935
-13.87,-1.0,-32.0,-0.0697604,1.076113,0.014885745,-18.0,2.0,-6.935
-13.87,-1.0,-32.0,-0.07351433,1.0973179,0.01543636,-18.0,2.0,-6.935
-13.87,-1.0,-32.0,-0.06045359,1.0893459,0.010326556,-18.0,2.0,-6.935
-13.87,-1.0,-32.0,-0.06613298,1.0434229,0.019133894,-18.0,2.0,-6.935
-13.87,-1.0,-32.0,-0.07493539,1.0597575,0.016117103,-18.0,2.0,-6.935
-13.87,-1.0,-32.0,-0.072748564,1.0473746,0.01628761,-18.0,2.0,-6.935
-13.77,-1.0,-32.0,-0.0759147,1.0436703,0.013655738,-18.0,2.0,-6.885
-14.07,-1.0,-32.0,-0.070048966,1.088205,0.014604232,-18.0,2.0,-7.035
-14.07,-1.0,-32.0,-0.07076872,1.0940114,0.01343317,-18.0,2.0,-7.035
-14.07,-1.0,-32.0,-0.06525196,1.0808934,0.012969724,-18.0,2.0,-7.035
-14.07,-1.0,-32.0,-0.06658959,1.0265843,0.022216558,-18.0,2.0,-7.035
-14.07,-1.0,-32.0,-0.06824975,1.1106703,0.005812476,-18.0,2.0,-7.035
-14.07,-1.0,-32.0,-0.057959374,1.1004845,0.0073787123,-18.0,2.0,-7.035
-14.07,-1.0,-32.0,-0.06841699,1.0318373,0.014140969,-18.0,2.0,-7.035
-14.07,-1.0,-32.0,-0.05866844,1.090547,0.014544698,-18.0,2.0,-7.035
-13.99,-1.0,-32.0,-0.06339953,1.0766432,0.008421681,-18.0,2.0,-6.995
-13.93,-1.0,-32.0,-0.05708731,1.0885804,0.011774898,-18.0,2.0,-6.965
-13.93,-1.0,-32.0,-0.06750572,1.0437165,0.014007972,-18.0,2.0,-6.965
-13.93,-1.0,-32.0,-0.06797942,1.0617913,0.015626166,-18.0,2.0,-6.965
-13.93,-1.0,-32.0,-0.07876069,1.0663961,0.02120631,-18.0,2.0,-6.965
-13.93,-1.0,-32.0,-0.06979429,1.1269821,0.007910364,-18.0,2.0,-6.965
-13.93,-1.0,-32.0,-0.0670269,1.0492682,0.018664096,-18.0,2.0,-6.965
-13.93,-1.0,-32.0,-0.07914051,1.0459874,0.0185711,-18.0,2.0,-6.965
-13.93,-1.0,-32.0,-0.07786302,0.98196876,0.018949442,-18.0,2.0,-6.965
-13.98,-1.0,-32.0,-0.07345281,0.9953953,0.016031712,-18.0,2.0,-6.99
-14.3,-1.0,-32.0,-0.06733293,1.0245458,0.015009579,-18.0,2.0,-7.15
-14.3,-1.0,-32.0,-0.06783174,1.0243967,0.015365148,-18.0,2.0,-7.15
-14.3,-1.0,-32.0,-0.07011562,1.0185529,0.018743252,-18.0,2.0,-7.15
-14.3,-1.0,-32.0,-0.07372203,0.99295735,0.017096179,-18.0,2.0,-7.15
-14.3,-1.0,-32.0,-0.06851895,1.0090262,0.014580106,-18.0,2.0,-7.15
-14.3,-1.0,-32.0,-0.07070858,1.0059645,0.012065467,-18.0,2.0,-7.15
-14.3,-1.0,-32.0,-0.06557606,1.0287374,0.013242992,-18.0,2.0,-7.15
-14.3,-1.0,-32.0,-0.065153524,1.0906593,0.0143490145,-18.0,2.0,-7.15
-14.39,-1.0,-32.0,-0.07366823,1.032861,0.021714386,-18.0,2.0,-7.195
-14.38,-1.0,-32.0,-0.067766406,1.075105,0.01838235,-19.0,2.0,-7.19
-14.38,-1.0,-32.0,-0.06338049,1.0777837,0.016654912,-19.0,2.0,-7.19
-14.38,-1.0,-32.0,-0.06545027,1.0928134,0.011182038,-19.0,2.0,-7.19
-14.38,-1.0,-32.0,-0.074301176,0.98360556,0.0154414335,-19.0,2.0,-7.19
-14.38,-1.0,-32.0,-0.07256469,0.9953263,0.018403482,-19.0,2.0,-7.19
-14.38,-1.0,-32.0,-0.06486771,0.9641675,0.017153017,-19.0,2.0,-7.19
-14.38,-1.0,-32.0,-0.064985946,1.0002333,0.014737473,-19.0,2.0,-7.19
-14.38,-1.0,-32.0,-0.07386973,0.98002064,0.017877806,-19.0,2.0,-7.19
-14.12,-1.0,-31.0,-0.06889822,1.0196747,0.01827776,-19.0,2.0,-7.06
-14.17,-1.0,-31.0,-0.0663713,1.0846006,0.0081738345,-19.0,2.0,-7.085
-14.17,-1.0,-31.0,-0.062510595,1.0945396,0.006833698,-19.0,2.0,-7.085
-14.17,-1.0,-31.0,-0.06347626,1.0999337,0.011387106,-19.0,2.0,-7.085
-14.17,-1.0,-31.0,-0.05866215,1.0726033,0.012381594,-19.0,2.0,-7.085
-14.17,-1.0,-31.0,-0.065005586,1.0359455,0.0104774935,-19.0,2.0,-7.085
-14.17,-1.0,-31.0,-0.06248962,1.077243,0.010862905,-19.0,2.0,-7.085
-14.17,-1.0,-31.0,-0.06814728,1.0529124,0.0170929,-19.0,2.0,-7.085
-14.17,-1.0,-31.0,-0.06712194,1.0153412,0.013352501,-19.0,2.0,-7.085
-14.07,-1.0,-31.0,-0.06413509,1.0582224,0.014924078,-19.0,2.0,-7.035
-13.91,-1.0,-31.0,-0.064308144,1.063755,0.0074730543,-19.0,2.0,-6.955
-13.91,-1.0,-31.0,-0.06665775,1.0591822,0.010725838,-19.0,2.0,-6.955
-13.91,-1.0,-31.0,-0.06119669,1.0979663,0.009010513,-19.0,2.0,-6.955
-13.91,-1.0,-31.0,-0.062477455,1.098999,0.008222977,-19.0,2.0,-6.955
-13.91,-1.0,-31.0,-0.062938936,1.0282729,0.009307859,-19.0,2.0,-6.955
-13.91,-1.0,-31.0,-0.06747185,0.9966441,0.021437697,-19.0,2.0,-6.955
-13.91,-1.0,-31.0,-0.0644741,1.0253208,0.007098048,-19.0,2.0,-6.955
-13.91,-1.0,-31.0,-0.06529924,1.0987518,0.0077200173,-19.0,2.0,-6.955
-13.92,-1.0,-31.0,-0.06742557,1.0367188,0.016807584,-19.0,2.0,-6.96
-13.42,-1.0,-31.0,-0.069273144,1.0867594,0.014379195,-19.0,2.0,-6.71
-13.42,-1.0,-31.0,-0.07631976,1.0963596,0.016775208,-19.0,2.0,-6.71
-13.42,-1.0,-31.0,-0.06638028,1.093863,0.010298078,-19.0,2.0,-6.71
-13.42,-1.0,-31.0,-0.07422436,1.0109804,0.01476115,-19.0,2.0,-6.71
-13.42,-1.0,-31.0,-0.06279277,0.97979015,0.013151003,-19.0,2.0,-6.71
-13.42,-1.0,-31.0,-0.07139447,1.0233662,0.02520902,-19.0,2.0,-6.71
-13.42,-1.0,-31.0,-0.075661175,1.0368845,0.01865307,-19.0,2.0,-6.71
-13.42,-1.0,-31.0,-0.07475246,1.0378662,0.019577356,-19.0,2.0,-6.71
-13.25,-1.0,-31.0,-0.07037477,1.0933162,0.025866779,-19.0,2.0,-6.625
-13.78,-2.0,-34.0,-0.07169715,1.0431191,0.021973388,-20.0,2.0,-6.89
-13.78,-2.0,-34.0,-0.07330004,1.0952725,0.021392163,-20.0,2.0,-6.89
-13.78,-2.0,-34.0,-0.0698307,1.0801655,0.016735418,-20.0,2.0,-6.89
-13.78,-2.0,-34.0,-0.068545915,1.1047027,0.012505584,-20.0,2.0,-6.89
-13.78,-2.0,-34.0,-0.06559481,1.0442101,0.015515631,-20.0,2.0,-6.89
-13.78,-2.0,-34.0,-0.073258765,1.0280968,0.017163275,-20.0,2.0,-6.89
-13.78,-2.0,-34.0,-0.07364308,1.0734271,0.013052834,-20.0,2.0,-6.89
-13.78,-2.0,-34.0,-0.07570205,1.0461875,0.017839734,-20.0,2.0,-6.89
-14.06,-2.0,-34.0,-0.06944518,1.0328888,0.017288124,-20.0,2.0,-7.03
-13.95,-1.0,-34.0,-0.07076122,1.0741451,0.013468756,-20.0,2.0,-6.975
-13.95,-1.0,-34.0,-0.06812641,0.9881675,0.016501928,-20.0,2.0,-6.975
-13.95,-1.0,-34.0,-0.07592309,0.98893356,0.016841816,-20.0,2.0,-6.975
-13.95,-1.0,-34.0,-0.074509725,1.0164514,0.017653055,-20.0,2.0,-6.975
-13.95,-1.0,-34.0,-0.06221203,1.065621,0.007949406,-20.0,2.0,-6.975
-13.95,-1.0,-34.0,-0.06882994,1.0837687,0.011262011,-20.0,2.0,-6.975
-13.95,-1.0,-34.0,-0.06547912,1.0531889,0.012016388,-20.0,2.0,-6.975
-13.95,-1.0,-34.0,-0.071842425,1.0312638,0.02273462,-20.0,2.0,-6.975
-13.69,-1.0,-34.0,-0.07375183,0.9385468,0.02501704,-20.0,2.0,-6.845
-14.14,-1.0,-34.0,-0.069881566,1.0034705,0.019030396,-20.0,2.0,-7.07
-14.14,-1.0,-34.0,-0.06348637,1.0420105,0.015348696,-20.0,2.0,-7.07
-14.14,-1.0,-34.0,-0.061879396,1.0913349,0.012838316,-20.0,2.0,-7.07
-14.14,-1.0,-34.0,-0.07508472,1.0402101,0.019619292,-20.0,2.0,-7.07
-14.14,-1.0,-34.0,-0.07069307,1.0252631,0.019097174,-20.0,2.0,-7.07
-14.14,-1.0,-34.0,-0.06522003,1.06748,0.009876603,-20.0,2.0,-7.07
-14.14,-1.0,-34.0,-0.067280404,0.9841736,0.020171495,-20.0,2.0,-7.07
-14.14,-1.0,-34.0,-0.07028762,1.0201252,0.01600819,-20.0,2.0,-7.07
-14.56,-1.0,-34.0,-0.07974398,0.99693096,0.022557713,-20.0,2.0,-7.28
-14.42,-1.0,-34.0,-0.06486525,0.98457664,0.010720456,-20.0,2.0,-7.21
-14.42,-1.0,-34.0,-0.075026765,0.9824946,0.019123655,-20.0,2.0,-7.21
-14.42,-1.0,-34.0,-0.072951175,1.0363609,0.016086485,-20.0,2.0,-7.21
-14.42,-1.0,-34.0,-0.0701165,0.9869089,0.022670543,-20.0,2.0,-7.21
-14.42,-1.0,-34.0,-0.067924075,1.0456712,0.021286974,-20.0,2.0,-7.21
-14.42,-1.0,-34.0,-0.0655834,1.047774,0.018836025,-20.0,2.0,-7.21
-14.42,-1.0,-34.0,-0.06988103,1.0456893,0.012322485,-20.0,2.0,-7.21
-14.42,-1.0,-34.0,-0.06945675,1.0735985,0.01569668,-20.0,2.0,-7.21
-14.15,-1.0,-34.0,-0.067367025,1.0651499,0.009243152,-20.0,2.0,-7.075
-13.89,-1.0,-34.0,-0.06870151,1.071349,0.010731905,-20.0,2.0,-6.945
-13.89,-1.0,-34.0,-0.06771496,1.0424985,0.014371997,-20.0,2.0,-6.945
-13.89,-1.0,-34.0,-0.066695295,1.0072865,0.016417382,-20.0,2.0,-6.945
-13.89,-1.0,-34.0,-0.06216617,1.0688728,0.010992995,-20.0,2.0,-6.945
-13.89,-1.0,-34.0,-0.06288651,1.1225128,0.009342481,-20.0,2.0,-6.945
-13.89,-1.0,-34.0,-0.06214857,1.1042355,0.017211318,-20.0,2.0,-6.945
-13.89,-1.0,-34.0,-0.071842924,1.0635979,0.016743489,-20.0,2.0,-6.945
-13.89,-1.0,-34.0,-0.062741436,1.0875509,0.008010855,-20.0,2.0,-6.945
-13.97,-1.0,-34.0,-0.05894057,1.1573795,0.0096363425,-20.0,2.0,-6.985
-13.59,-1.0,-34.0,-0.06710043,1.0556407,0.010949989,-20.0,2.0,-6.795
-13.59,-1.0,-34.0,-0.063109316,1.0781847,0.012307056,-20.0,2.0,-6.795
-13.59,-1.0,-34.0,-0.061027367,1.1271093,0.010688389,-20.0,2.0,-6.795
-13.59,-1.0,-34.0,-0.06213938,1.0954187,0.014924179,-20.0,2.0,-6.795
-13.59,-1.0,-34.0,-0.07181002,0.9657571,0.01850308,-20.0,2.0,-6.795
-13.59,-1.0,-34.0,-0.06646114,1.0419872,0.014233621,-20.0,2.0,-6.795
-13.59,-1.0,-34.0,-0.06884044,1.0386016,0.015609278,-20.0,2.0,-6.795
-13.59,-1.0,-34.0,-0.07399545,1.0459508,0.022509344,-20.0,2.0,-6.795
-13.52,-1.0,-34.0,-0.06621036,1.0900851,0.016637431,-20.0,2.0,-6.76
-13.56,-1.0,-34.0,-0.062435295,1.083484,0.01288394,-20.0,2.0,-6.78
-13.56,-1.0,-34.0,-0.06931869,1.0252575,0.016774086,-20.0,2.0,-6.78
-13.56,-1.0,-34.0,-0.06296844,1.020783,0.013352445,-20.0,2.0,-6.78
-13.56,-1.0,-34.0,-0.062271938,1.0036523,0.012322492,-20.0,2.0,-6.78
-13.56,-1.0,-34.0,-0.06945457,1.0032368,0.016682196,-20.0,2.0,-6.78
-13.56,-1.0,-34.0,-0.06833719,1.0743425,0.018146284,-20.0,2.0,-6.78
-13.56,-1.0,-34.0,-0.0744084,0.99485946,0.01980765,-20.0,2.0,-6.78
-13.56,-1.0,-34.0,-0.06929087,0.9866244,0.018815016,-20.0,2.0,-6.78
-13.82,-1.0,-34.0,-0.06472508,1.0350145,0.011825741,-20.0,2.0,-6.91
-14.24,-1.0,-34.0,-0.06294505,1.0370677,0.012880895,-20.0,0.0,-7.12
-14.24,-1.0,-34.0,-0.06260057,1.0564333,0.016391205,-20.0,0.0,-7.12
-14.24,-1.0,-34.0,-0.0692368,1.002876,0.021813754,-20.0,0.0,-7.12
-14.24,-1.0,-34.0,-0.069382004,1.0389776,0.01128726,-20.0,0.0,-7.12
-14.24,-1.0,-34.0,-0.06969651,0.94432384,0.018077096,-20.0,0.0,-7.12
-14.24,-1.0,-34.0,-0.073953025,1.0011048,0.016007053,-20.0,0.0,-7.12
-14.24,-1.0,-34.0,-0.060463145,1.0293887,0.009562242,-20.0,0.0,-7.12
-14.24,-1.0,-34.0,-0.06687263,1.0425366,0.007966164,-20.0,0.0,-7.12
-14.17,-1.0,-34.0,-0.069308795,1.055573,0.013551945,-20.0,0.0,-7.085
-14.16,-1.0,-34.0,-0.06493564,1.0359613,0.018227883,-20.0,0.0,-7.08
-14.16,-1.0,-34.0,-0.07232144,1.0420771,0.024073562,-20.0,0.0,-7.08
-14.16,-1.0,-34.0,-0.06740141,1.050108,0.013422279,-20.0,0.0,-7.08
-14.16,-1.0,-34.0,-0.06943829,1.0424957,0.014294535,-20.0,0.0,-7.08
-14.16,-1.0,-34.0,-0.07314459,1.0273982,0.018627826,-20.0,0.0,-7.08
-14.16,-1.0,-34.0,-0.06932889,1.0487797,0.021231798,-20.0,0.0,-7.08
-14.16,-1.0,-34.0,-0.058023017,1.044394,0.010775475,-20.0,0.0,-7.08
-14.16,-1.0,-34.0,-0.0571709,1.0761545,0.011933136,-20.0,0.0,-7.08
-13.86,-1.0,-34.0,-0.067680664,1.0070474,0.015166068,-20.0,0.0,-6.93
-13.72,-1.0,-34.0,-0.071561985,1.0301641,0.022841094,-20.0,0.0,-6.86
-13.72,-1.0,-34.0,-0.06974732,1.0015606,0.011987303,-20.0,0.0,-6.86
-13.72,-1.0,-34.0,-0.067720816,1.0301213,0.013504664,-20.0,0.0,-6.86
-13.72,-1.0,-34.0,-0.067234725,1.0366652,0.017622927,-20.0,0.0,-6.86
-13.72,-1.0,-34.0,-0.062304262,1.1002219,0.010586784,-20.0,0.0,-6.86
-13.72,-1.0,-34.0,-0.06912597,1.0186311,0.018089151,-20.0,0.0,-6.86
-13.72,-1.0,-34.0,-0.07889964,0.9810515,0.027799943,-20.0,0.0,-6.86
-13.72,-1.0,-34.0,-0.070331365,0.990482,0.01915378,-20.0,0.0,-6.86
-13.83,-1.0,-34.0,-0.066311166,0.9513539,0.014798181,-20.0,0.0,-6.915
-13.68,-1.0,-34.0,-0.058403924,1.0264258,0.00855017,-20.0,0.0,-6.84
-13.68,-1.0,-34.0,-0.05961895,1.0698484,0.013988613,-20.0,0.0,-6.84
-13.68,-1.0,-34.0,-0.0690186,1.0409118,0.021220433,-20.0,0.0,-6.84
-13.68,-1.0,-34.0,-0.060120724,1.1127459,0.007359175,-20.0,0.0,-6.84
-13.68,-1.0,-34.0,-0.061809067,1.1195928,0.0122300945,-20.0,0.0,-6.84
-13.68,-1.0,-34.0,-0.07719584,1.0194771,0.020434057,-20.0,0.0,-6.84
-13.68,-1.0,-34.0,-0.06649284,1.0357711,0.01939844,-20.0,0.0,-6.84
-13.68,-1.0,-34.0,-0.06557164,1.0252892,0.014411197,-20.0,0.0,-6.84
-13.62,-1.0,-34.0,-0.06622607,1.0470533,0.016996818,-20.0,0.0,-6.81
-13.71,-1.0,-28.0,-0.07049599,0.9891618,0.022846675,-17.0,1.0,-6.855
-13.71,-1.0,-28.0,-0.06799432,0.9952929,0.01836758,-17.0,1.0,-6.855
-13.71,-1.0,-28.0,-0.066337325,0.9698797,0.014108494,-17.0,1.0,-6.855
-13.71,-1.0,-28.0,-0.06625108,1.0070778,0.012973734,-17.0,1.0,-6.855
-13.71,-1.0,-28.0,-0.066839434,0.9930677,0.02135437,-17.0,1.0,-6.855
-13.71,-1.0,-28.0,-0.07376692,0.93440706,0.020103859,-17.0,1.0,-6.855
-13.71,-1.0,-28.0,-0.071141005,0.89503664,0.016363481,-17.0,1.0,-6.855
-13.71,-1.0,-28.0,-0.068086155,0.9664581,0.014883869,-17.0,1.0,-6.855
-13.38,-1.0,-28.0,-0.06267488,1.0290611,0.011681076,-17.0,1.0,-6.69
-13.64,-2.0,-29.0,-0.06825149,1.0135005,0.013711381,-19.0,1.0,-6.82
-13.64,-2.0,-29.0,-0.06743931,0.9975798,0.015086595,-19.0,1.0,-6.82
-13.64,-2.0,-29.0,-0.06513406,0.9654709,0.016200406,-19.0,1.0,-6.82
-13.64,-2.0,-29.0,-0.0657449,1.031521,0.012790116,-19.0,1.0,-6.82
-13.64,-2.0,-29.0,-0.07328877,1.0047036,0.020586042,-19.0,1.0,-6.82
-13.64,-2.0,-29.0,-0.06786405,1.0188453,0.019292502,-19.0,1.0,-6.82
-13.64,-2.0,-29.0,-0.0668418,1.084112,0.011102023,-19.0,1.0,-6.82
-13.64,-2.0,-29.0,-0.07018137,1.0316774,0.018177075,-19.0,1.0,-6.82
-13.4,-2.0,-29.0,-0.06669383,1.0379282,0.01655627,-19.0,1.0,-6.7
-13.71,-2.0,-31.0,-0.07176555,0.99581414,0.01952591,-19.0,1.0,-6.855
-13.71,-2.0,-31.0,-0.0706094,1.021178,0.014909404,-19.0,1.0,-6.855
-13.71,-2.0,-31.0,-0.056516312,1.063685,0.014275609,-19.0,1.0,-6.855
-13.71,-2.0,-31.0,-0.06515625,1.0088924,0.013873708,-19.0,1.0,-6.855
-13.71,-2.0,-31.0,-0.062763415,0.9752296,0.011820558,-19.0,1.0,-6.855
-13.71,-2.0,-31.0,-0.07435251,0.9786016,0.018194085,-19.0,1.0,-6.855
-13.71,-2.0,-31.0,-0.06625306,0.9825307,0.014860814,-19.0,1.0,-6.855
-13.71,-2.0,-31.0,-0.06429813,1.0110472,0.013304898,-19.0,1.0,-6.855
-13.98,-2.0,-31.0,-0.06526273,1.034745,0.012506129,-19.0,1.0,-6.99
-13.92,-2.0,-31.0,-0.06465353,1.0419475,0.011960557,-19.0,1.0,-6.96
-13.92,-2.0,-31.0,-0.061925665,1.0896347,0.008843834,-19.0,1.0,-6.96
-13.92,-2.0,-31.0,-0.06271159,1.1016542,0.0145255085,-19.0,1.0,-6.96
-13.92,-2.0,-31.0,-0.0652059,1.1070715,0.014977677,-19.0,1.0,-6.96
-13.92,-2.0,-31.0,-0.06532204,1.0330968,0.015518482,-19.0,1.0,-6.96
-13.92,-2.0,-31.0,-0.07008306,0.96428406,0.015814684,-19.0,1.0,-6.96
-13.92,-2.0,-31.0,-0.07130315,0.98209375,0.015834684,-19.0,1.0,-6.96
-13.92,-2.0,-31.0,-0.068125375,1.0099791,0.015368172,-19.0,1.0,-6.96
-13.97,-2.0,-31.0,-0.07158726,0.9891641,0.012585089,-19.0,1.0,-6.985
-13.98,-2.0,-31.0,-0.06614713,1.0164392,0.017945506,-19.0,1.0,-6.99
-13.98,-2.0,-31.0,-0.06775618,1.0116853,0.015805358,-19.0,1.0,-6.99
-13.98,-2.0,-31.0,-0.06735589,0.98385185,0.0112868445,-19.0,1.0,-6.99
-13.98,-2.0,-31.0,-0.07152074,0.99723256,0.013653644,-19.0,1.0,-6.99
-13.98,-2.0,-31.0,-0.06999245,1.036123,0.0175859,-19.0,1.0,-6.99
-13.98,-2.0,-31.0,-0.065729536,1.0369371,0.01315254,-19.0,1.0,-6.99
-13.98,-2.0,-31.0,-0.07233562,1.0263972,0.014686369,-19.0,1.0,-6.99
-13.98,-2.0,-31.0,-0.065417,0.9787215,0.011134944,-19.0,1.0,-6.99
-13.82,-2.0,-31.0,-0.059733875,1.0136513,0.012045949,-19.0,1.0,-6.91
-13.96,-2.0,-31.0,-0.0637368,1.00412,0.013575539,-19.0,1.0,-6.98
-13.96,-2.0,-31.0,-0.05940842,1.070945,0.016852753,-19.0,1.0,-6.98
-13.96,-2.0,-31.0,-0.06284004,1.0551939,0.0097766165,-19.0,1.0,-6.98
-13.96,-2.0,-31.0,-0.06012899,1.0613707,0.012680044,-19.0,1.0,-6.98
-13.96,-2.0,-31.0,-0.06712908,1.0683173,0.012691284,-19.0,1.0,-6.98
-13.96,-2.0,-31.0,-0.0644367,1.066436,0.014070098,-19.0,1.0,-6.98
-13.96,-2.0,-31.0,-0.064299464,1.003559,0.010082398,-19.0,1.0,-6.98
-13.96,-2.0,-31.0,-0.06585016,1.0270375,0.015718479,-19.0,1.0,-6.98
-14.08,-2.0,-31.0,-0.076534025,0.97051305,0.01984003,-19.0,1.0,-7.04
-14.02,-1.0,-31.0,-0.0660272,1.003751,0.012326658,-19.0,1.0,-7.01
-14.02,-1.0,-31.0,-0.06838389,1.0213307,0.013382767,-19.0,1.0,-7.01
-14.02,-1.0,-31.0,-0.06315772,1.1162785,0.010361356,-19.0,1.0,-7.01
-14.02,-1.0,-31.0,-0.06256281,1.0052037,0.009114924,-19.0,1.0,-7.01
-14.02,-1.0,-31.0,-0.062871315,1.0305475,0.010637758,-19.0,1.0,-7.01
-14.02,-1.0,-31.0,-0.07283521,0.99997157,0.017456392,-19.0,1.0,-7.01
-14.02,-1.0,-31.0,-0.07244254,1.0014164,0.014269691,-19.0,1.0,-7.01
-14.02,-1.0,-31.0,-0.06446066,0.91608864,0.009671345,-19.0,1.0,-7.01
-13.75,-1.0,-31.0,-0.064213514,0.97782594,0.016836334,-19.0,1.0,-6.875
-13.65,-1.0,-31.0,-0.07361923,0.9226803,0.02118321,-19.0,1.0,-6.825
-13.65,-1.0,-31.0,-0.07139651,1.0014521,0.013593856,-19.0,1.0,-6.825
-13.65,-1.0,-31.0,-0.06418745,1.0549604,0.012720923,-19.0,1.0,-6.825
-13.65,-1.0,-31.0,-0.067513324,1.0162235,0.0112397885,-19.0,1.0,-6.825
-13.65,-1.0,-31.0,-0.072619915,1.0140712,0.01456737,-19.0,1.0,-6.825
-13.65,-1.0,-31.0,-0.06307016,1.0491385,0.016328631,-19.0,1.0,-6.825
-13.65,-1.0,-31.0,-0.052255884,1.0706093,0.010789391,-19.0,1.0,-6.825
-13.65,-1.0,-31.0,-0.065240294,1.041698,0.011797472,-19.0,1.0,-6.825
-13.65,-1.0,-31.0,-0.06808804,1.0072917,0.01957454,-19.0,1.0,-6.825
-13.59,-1.0,-31.0,-0.07004824,1.0265733,0.015807016,-19.0,1.0,-6.795
-13.59,-1.0,-31.0,-0.06178988,1.1106368,0.004437636,-19.0,1.0,-6.795
-13.59,-1.0,-31.0,-0.06490918,1.020758,0.015302974,-19.0,1.0,-6.795
-13.59,-1.0,-31.0,-0.065813854,1.0072799,0.014629273,-19.0,1.0,-6.795
-13.59,-1.0,-31.0,-0.07770338,0.90607566,0.0239873,-19.0,1.0,-6.795
-13.59,-1.0,-31.0,-0.072426446,0.9400021,0.021834033,-19.0,1.0,-6.795
-13.59,-1.0,-31.0,-0.06579861,1.0728767,0.010971041,-19.0,1.0,-6.795
-13.59,-1.0,-31.0,-0.053718504,1.0667895,0.0069326484,-19.0,1.0,-6.795
-13.62,-1.0,-31.0,-0.06054222,1.0156583,0.01157363,-19.0,0.0,-6.81
-13.59,-1.0,-31.0,-0.06679409,1.0391973,0.012670744,-18.0,0.0,-6.795
-13.59,-1.0,-31.0,-0.074929,0.9934734,0.015758978,-18.0,0.0,-6.795
-13.59,-1.0,-31.0,-0.06395396,1.0139395,0.014449761,-18.0,0.0,-6.795
-13.59,-1.0,-31.0,-0.066875964,0.98861897,0.01546186,-18.0,0.0,-6.795
-13.59,-1.0,-31.0,-0.06190337,1.1059833,0.004369104,-18.0,0.0,-6.795
-13.59,-1.0,-31.0,-0.060261354,1.0830798,0.007826106,-18.0,0.0,-6.795
-13.59,-1.0,-31.0,-0.06276651,1.0414541,0.010271167,-18.0,0.0,-6.795
-13.59,-1.0,-31.0,-0.06611104,0.9821362,0.012832319,-18.0,0.0,-6.795
-13.38,-1.0,-31.0,-0.06381142,1.0176088,0.011761337,-18.0,0.0,-6.69
-13.22,-1.0,-30.0,-0.05432788,1.0510844,0.0141734565,-18.0,0.0,-6.61
-13.22,-1.0,-30.0,-0.064399704,0.99856514,0.010654497,-18.0,0.0,-6.61
-13.22,-1.0,-30.0,-0.06296579,1.0202718,0.0114049185,-18.0,0.0,-6.61
-13.22,-1.0,-30.0,-0.059047118,1.1227868,0.00661509,-18.0,0.0,-6.61
-13.22,-1.0,-30.0,-0.06949947,1.0867991,0.013454038,-18.0,0.0,-6.61
-13.22,-1.0,-30.0,-0.06338708,1.0901111,0.014948449,-18.0,0.0,-6.61
-13.22,-1.0,-30.0,-0.07141537,1.052884,0.01673034,-18.0,0.0,-6.61
-13.22,-1.0,-30.0,-0.069175705,1.0470622,0.018685099,-18.0,0.0,-6.61
-13.09,-1.0,-30.0,-0.06324794,1.1081372,0.010044375,-18.0,0.0,-6.545
-13.08,-1.0,-29.0,-0.06634293,1.0430472,0.013421108,-16.0,0.0,-6.54
-13.08,-1.0,-29.0,-0.061751388,1.0424498,0.019512208,-16.0,0.0,-6.54
-13.08,-1.0,-29.0,-0.06448852,1.1110919,0.012701932,-16.0,0.0,-6.54
-13.08,-1.0,-29.0,-0.06315735,1.0506264,0.016759682,-16.0,0.0,-6.54
-13.08,-1.0,-29.0,-0.06817611,1.0393989,0.019788822,-16.0,0.0,-6.54
-13.08,-1.0,-29.0,-0.07308023,0.9788799,0.016197268,-16.0,0.0,-6.54
-13.08,-1.0,-29.0,-0.06556725,1.0565956,0.009642903,-16.0,0.0,-6.54
-13.08,-1.0,-29.0,-0.06390446,1.0171022,0.01012678,-16.0,0.0,-6.54
-13.07,-1.0,-29.0,-0.0696166,1.0002754,0.010982802,-16.0,0.0,-6.535
-13.05,-1.0,-29.0,-0.057430144,0.9846226,0.012725206,-18.0,0.0,-6.525
-13.05,-1.0,-29.0,-0.06169107,1.0505414,0.009165143,-18.0,0.0,-6.525
-13.05,-1.0,-29.0,-0.06465373,1.0837092,0.014104473,-18.0,0.0,-6.525
-13.05,-1.0,-29.0,-0.05679991,1.1612755,0.005461533,-18.0,0.0,-6.525
-13.05,-1.0,-29.0,-0.06297229,1.0870929,0.010784741,-18.0,0.0,-6.525
-13.05,-1.0,-29.0,-0.0622982,1.0617812,0.015744288,-18.0,0.0,-6.525
-13.05,-1.0,-29.0,-0.06559001,1.0682566,0.01605135,-18.0,0.0,-6.525
-13.05,-1.0,-29.0,-0.06194078,1.1063874,0.015828155,-18.0,0.0,-6.525
-12.95,-1.0,-29.0,-0.068248406,1.0226161,0.016738875,-18.0,0.0,-6.475
-12.95,-1.0,-29.0,-0.06815372,1.0125954,0.016983569,-18.0,0.0,-6.475
-12.95,-1.0,-29.0,-0.06584036,1.0566254,0.012153489,-18.0,0.0,-6.475
-12.95,-1.0,-29.0,-0.06326921,1.000256,0.010364646,-18.0,0.0,-6.475
-12.95,-1.0,-29.0,-0.06301751,1.0085962,0.0097134365,-18.0,0.0,-6.475
-12.95,-1.0,-29.0,-0.059230883,1.0451509,0.0071645896,-18.0,0.0,-6.475
-12.95,-1.0,-29.0,-0.057154063,1.0998151,0.007534744,-18.0,0.0,-6.475
-12.95,-1.0,-29.0,-0.05715419,1.0710387,0.010807077,-18.0,0.0,-6.475
-12.95,-1.0,-29.0,-0.05783421,1.0589393,0.011091707,-18.0,0.0,-6.475
-13.08,-1.0,-29.0,-0.06293286,1.0412254,0.014728561,-18.0,0.0,-6.54
-12.72,-3.0,-29.0,-0.061966382,1.0296336,0.012564199,-18.0,0.0,-6.36
-12.72,-3.0,-29.0,-0.06379177,1.1091144,0.008130166,-18.0,0.0,-6.36
-12.72,-3.0,-29.0,-0.063936345,1.1365077,0.013458347,-18.0,0.0,-6.36
-12.72,-3.0,-29.0,-0.067987524,1.0907133,0.01990565,-18.0,0.0,-6.36
-12.72,-3.0,-29.0,-0.067797996,1.0860951,0.011675676,-18.0,0.0,-6.36
-12.72,-3.0,-29.0,-0.06585509,1.0840192,0.00957321,-18.0,0.0,-6.36
-12.72,-3.0,-29.0,-0.06042717,1.1011484,0.010171238,-18.0,0.0,-6.36
-12.72,-3.0,-29.0,-0.061804835,1.0715069,0.0095513305,-18.0,0.0,-6.36
-12.82,-3.0,-29.0,-0.06462028,1.118014,0.0090223085,-18.0,0.0,-6.41
-12.54,-3.0,-29.0,-0.062090278,1.1040763,0.010297212,-18.0,0.0,-6.27
-12.54,-3.0,-29.0,-0.07156504,1.064081,0.015792372,-18.0,0.0,-6.27
-12.54,-3.0,-29.0,-0.068149306,1.0243614,0.018007206,-18.0,0.0,-6.27
-12.54,-3.0,-29.0,-0.07378127,1.0497575,0.016750026,-18.0,0.0,-6.27
-12.54,-3.0,-29.0,-0.06580959,1.0514454,0.015591858,-18.0,0.0,-6.27
-12.54,-3.0,-29.0,-0.060123716,1.1131681,0.014408886,-18.0,0.0,-6.27
-12.54,-3.0,-29.0,-0.062173087,1.1214458,0.012190535,-18.0,0.0,-6.27
-12.54,-3.0,-29.0,-0.06696801,1.0730443,0.013318354,-18.0,0.0,-6.27
-12.67,-3.0,-29.0,-0.05883274,1.0530121,0.011747187,-18.0,0.0,-6.335
-12.51,-3.0,-29.0,-0.065566495,1.0465196,0.011472679,-18.0,0.0,-6.255
-12.51,-3.0,-29.0,-0.05693414,1.0910705,0.008058509,-18.0,0.0,-6.255
-12.51,-3.0,-29.0,-0.058489524,1.0938652,0.012531717,-18.0,0.0,-6.255
-12.51,-3.0,-29.0,-0.07085311,0.99238557,0.018950192,-18.0,0.0,-6.255
-12.51,-3.0,-29.0,-0.06587562,1.0057877,0.015064704,-18.0,0.0,-6.255
-12.51,-3.0,-29.0,-0.057580512,1.0528466,0.009006117,-18.0,0.0,-6.255
-12.51,-3.0,-29.0,-0.052151017,1.041883,0.009135106,-18.0,0.0,-6.255
-12.51,-3.0,-29.0,-0.06299673,1.003632,0.010003458,-18.0,0.0,-6.255
-12.29,-3.0,-29.0,-0.06916892,0.9856945,0.015679218,-18.0,0.0,-6.145
-12.15,-3.0,-29.0,-0.065612204,0.9347822,0.020033054,-18.0,0.0,-6.075
-12.15,-3.0,-29.0,-0.064928286,0.9462845,0.009362945,-18.0,0.0,-6.075
-12.15,-3.0,-29.0,-0.062214833,1.0764658,0.011988859,-18.0,0.0,-6.075
-12.15,-3.0,-29.0,-0.061923828,1.0861173,0.009147847,-18.0,0.0,-6.075
-12.15,-3.0,-29.0,-0.05802783,1.0311525,0.010106707,-18.0,0.0,-6.075
-12.15,-3.0,-29.0,-0.06315892,1.0527956,0.014184231,-18.0,0.0,-6.075
-12.15,-3.0,-29.0,-0.066863485,1.0490489,0.012738426,-18.0,0.0,-6.075
-12.23,-3.0,-29.0,-0.06940571,0.98166746,0.02040509,-18.0,0.0,-6.115
-12.23,-3.0,-29.0,-0.067080885,1.0144906,0.014019829,-18.0,0.0,-6.115
-12.39,-3.0,-28.0,-0.07918595,0.9725262,0.01891629,-18.0,0.0,-6.195
-12.39,-3.0,-28.0,-0.071837455,0.9952827,0.020211183,-18.0,0.0,-6.195
-12.39,-3.0,-28.0,-0.07027275,1.0037415,0.017648168,-18.0,0.0,-6.195
-12.39,-3.0,-28.0,-0.07374013,1.0081291,0.020616962,-18.0,0.0,-6.195
-12.39,-3.0,-28.0,-0.06955983,1.0202851,0.01868308,-18.0,0.0,-6.195
-12.39,-3.0,-28.0,-0.061617248,0.99518645,0.011655951,-18.0,0.0,-6.195
-12.39,-3.0,-28.0,-0.064745925,1.0450747,0.010703907,-18.0,0.0,-6.195
-12.58,-3.0,-28.0,-0.06506644,1.122171,0.012137013,-18.0,0.0,-6.29
-12.58,-3.0,-28.0,-0.06703274,0.9975745,0.021168439,-18.0,0.0,-6.29
-12.87,-3.0,-28.0,-0.07197895,0.97097075,0.015926836,-18.0,0.0,-6.435
-12.87,-3.0,-28.0,-0.07029576,1.0257146,0.01897792,-18.0,0.0,-6.435
-12.87,-3.0,-28.0,-0.064325295,1.0059327,0.01693004,-18.0,0.0,-6.435
-12.87,-3.0,-28.0,-0.060938824,0.98863405,0.01432928,-18.0,0.0,-6.435
-12.87,-3.0,-28.0,-0.072427705,0.9388236,0.016659832,-18.0,0.0,-6.435
-12.87,-3.0,-28.0,-0.06595957,0.97846717,0.017555892,-18.0,0.0,-6.435
-12.87,-3.0,-28.0,-0.061933126,0.9968137,0.016909467,-18.0,0.0,-6.435
-12.8,-3.0,-28.0,-0.06036853,1.0024049,0.01618763,-18.0,0.0,-6.4
-12.8,-3.0,-28.0,-0.070316166,0.9906223,0.01743036,-18.0,0.0,-6.4
-13.17,-3.0,-28.0,-0.053030785,1.0387508,0.0079642935,-18.0,0.0,-6.585
-13.17,-3.0,-28.0,-0.057157915,1.024418,0.008531359,-18.0,0.0,-6.585
-13.17,-3.0,-28.0,-0.060226932,1.0331771,0.009198171,-18.0,0.0,-6.585
-13.17,-3.0,-28.0,-0.065216385,0.9662396,0.012924224,-18.0,0.0,-6.585
-13.17,-3.0,-28.0,-0.0618887,1.011017,0.017071066,-18.0,0.0,-6.585
-13.17,-3.0,-28.0,-0.052384607,0.9978687,0.0155994715,-18.0,0.0,-6.585
-13.17,-3.0,-28.0,-0.04889112,1.0095752,0.009198683,-18.0,0.0,-6.585
-12.87,-3.0,-27.0,-0.056606524,1.0006878,0.0106041515,-18.0,0.0,-6.435
-12.87,-3.0,-27.0,-0.07065617,0.9289776,0.02171505,-18.0,0.0,-6.435
-12.97,-3.0,-27.0,-0.064097494,1.0128834,0.018162267,-18.0,2.0,-6.485
-12.97,-3.0,-27.0,-0.066731624,0.99495864,0.013865265,-18.0,2.0,-6.485
-12.97,-3.0,-27.0,-0.06620803,0.99218154,0.015245083,-18.0,2.0,-6.485
-12.97,-3.0,-27.0,-0.072240315,0.99928206,0.01769358,-18.0,2.0,-6.485
-12.97,-3.0,-27.0,-0.07415152,0.96325594,0.019712763,-18.0,2.0,-6.485
-12.97,-3.0,-27.0,-0.07446694,0.9985732,0.02048149,-18.0,2.0,-6.485
-12.97,-3.0,-27.0,-0.06579787,1.0572065,0.010578003,-18.0,2.0,-6.485
-13.3,-3.0,-39.0,-0.06560384,1.0362568,0.013521877,-24.0,2.0,-6.65
-13.3,-3.0,-39.0,-0.06927891,1.0341108,0.016019551,-24.0,2.0,-6.65
-13.59,-3.0,-39.0,-0.06880986,0.99644893,0.019846683,-24.0,2.0,-6.795
-13.59,-3.0,-39.0,-0.06386378,1.0103661,0.0136978375,-24.0,2.0,-6.795
-13.59,-3.0,-39.0,-0.064628676,1.0676577,0.015835341,-24.0,2.0,-6.795
-13.59,-3.0,-39.0,-0.070546895,0.9936584,0.021719806,-24.0,2.0,-6.795
-13.59,-3.0,-39.0,-0.0672086,0.99048704,0.019256534,-24.0,2.0,-6.795
-13.59,-3.0,-39.0,-0.07025953,0.9778223,0.026586803,-24.0,2.0,-6.795
-13.59,-3.0,-39.0,-0.07909246,0.92001706,0.024320683,-24.0,2.0,-6.795
-13.81,-3.0,-39.0,-0.06682769,0.92724454,0.016995836,-24.0,2.0,-6.905
-13.81,-3.0,-39.0,-0.059380095,0.9034223,0.014161359,-24.0,2.0,-6.905
-13.99,-3.0,-39.0,-0.07086994,0.9802668,0.015216542,-24.0,2.0,-6.995
-13.99,-3.0,-39.0,-0.08182998,0.9486878,0.029311558,-24.0,2.0,-6.995
-13.99,-3.0,-39.0,-0.079319544,0.90432817,0.020067226,-24.0,2.0,-6.995
-13.99,-3.0,-39.0,-0.07415089,0.9433439,0.015365235,-24.0,2.0,-6.995
-13.99,-3.0,-39.0,-0.07191288,1.0154332,0.015944881,-24.0,2.0,-6.995
-13.99,-3.0,-39.0,-0.07224215,0.9477565,0.022424133,-24.0,2.0,-6.995
-13.99,-3.0,-39.0,-0.07207249,0.8752042,0.020048775,-24.0,2.0,-6.995
-14.4,-3.0,-39.0,-0.07350038,0.91966563,0.015733456,-24.0,2.0,-7.2
-14.4,-3.0,-39.0,-0.06847756,0.9664244,0.01461144,-24.0,2.0,-7.2
-14.78,-3.0,-39.0,-0.06897937,0.9493242,0.01638857,-24.0,2.0,-7.39
-14.78,-3.0,-39.0,-0.0677451,0.9978188,0.018432727,-24.0,2.0,-7.39
-14.78,-3.0,-39.0,-0.06553627,0.9828556,0.013235375,-24.0,2.0,-7.39
-14.78,-3.0,-39.0,-0.07025283,0.9887728,0.0123748975,-24.0,2.0,-7.39
-14.78,-3.0,-39.0,-0.075915255,0.9904551,0.013106734,-24.0,2.0,-7.39
-14.78,-3.0,-39.0,-0.066173434,1.0378729,0.011371834,-24.0,2.0,-7.39
-14.78,-3.0,-39.0,-0.068289146,1.0183533,0.014259782,-24.0,2.0,-7.39
-14.47,1.0,-39.0,-0.06372715,1.0418166,0.009470659,-24.0,2.0,-7.235
-14.47,1.0,-39.0,-0.06633101,1.0374724,0.015211219,-24.0,2.0,-7.235
-14.66,1.0,-39.0,-0.066484936,1.0360096,0.016993193,-24.0,2.0,-7.33
-14.66,1.0,-39.0,-0.06811551,1.0028863,0.02352336,-24.0,2.0,-7.33
-14.66,1.0,-39.0,-0.06586931,1.0058386,0.016899042,-24.0,2.0,-7.33
-14.66,1.0,-39.0,-0.067958035,0.992505,0.020539677,-24.0,2.0,-7.33
-14.66,1.0,-39.0,-0.06380045,1.0176097,0.012423142,-24.0,2.0,-7.33
-14.66,1.0,-39.0,-0.06990433,1.0035613,0.018077698,-24.0,2.0,-7.33
-14.66,1.0,-39.0,-0.07259253,1.0015303,0.017849019,-24.0,2.0,-7.33
-14.97,1.0,-39.0,-0.07645597,0.92951787,0.023343448,-24.0,2.0,-7.485
-14.97,1.0,-39.0,-0.068093844,0.9611336,0.021330696,-24.0,2.0,-7.485
-15.32,1.0,-39.0,-0.07189913,0.93830836,0.018600399,-24.0,2.0,-7.66
-15.32,1.0,-39.0,-0.06884966,0.93048835,0.022239057,-24.0,2.0,-7.66
-15.32,1.0,-39.0,-0.06689946,0.93162704,0.01730275,-24.0,2.0,-7.66
-15.32,1.0,-39.0,-0.067926176,0.9662682,0.016004208,-24.0,2.0,-7.66
-15.32,1.0,-39.0,-0.07182193,1.0263131,0.014575768,-24.0,2.0,-7.66
-15.32,1.0,-39.0,-0.06826969,1.0123895,0.01066616,-24.0,2.0,-7.66
-15.32,1.0,-39.0,-0.06353853,0.9277957,0.015834833,-24.0,2.0,-7.66
-15.2,1.0,-39.0,-0.070988655,0.9807092,0.017591225,-24.0,2.0,-7.6
-15.2,1.0,-39.0,-0.06573688,0.99347645,0.013190703,-24.0,2.0,-7.6
-15.25,1.0,-39.0,-0.07742652,0.94344974,0.02396951,-24.0,2.0,-7.625
-15.25,1.0,-39.0,-0.07192912,1.0228786,0.018445546,-24.0,2.0,-7.625
-15.25,1.0,-39.0,-0.06923352,0.98950654,0.015640065,-24.0,2.0,-7.625
-15.25,1.0,-39.0,-0.054901917,0.96055436,0.013540965,-24.0,2.0,-7.625
-15.25,1.0,-39.0,-0.051970758,0.9641959,0.00776787,-24.0,2.0,-7.625
-15.25,1.0,-39.0,-0.056126475,1.0374664,0.010002295,-24.0,2.0,-7.625
-15.25,1.0,-39.0,-0.065133356,0.9609263,0.014338209,-24.0,2.0,-7.625
-15.37,1.0,-39.0,-0.05512613,1.0005807,0.008497242,-24.0,2.0,-7.685
-15.37,1.0,-39.0,-0.0576288,1.0019941,0.0092294235,-24.0,2.0,-7.685
-14.64,1.0,-39.0,-0.05219371,0.96085733,0.007407485,-24.0,2.0,-7.32
-14.64,1.0,-39.0,-0.06846106,0.93571895,0.017966518,-24.0,2.0,-7.32
-14.64,1.0,-39.0,-0.06362338,1.0048063,0.016779922,-24.0,2.0,-7.32
-14.64,1.0,-39.0,-0.057802446,1.0384403,0.0071333214,-24.0,2.0,-7.32
-14.64,1.0,-39.0,-0.0527556,1.0735352,0.008156919,-24.0,2.0,-7.32
-14.64,1.0,-39.0,-0.05406975,1.0951493,0.0060131242,-24.0,2.0,-7.32
-14.64,1.0,-39.0,-0.056065723,1.0316027,0.010419498,-24.0,2.0,-7.32
-14.33,1.0,-39.0,-0.05035548,1.070737,0.008840023,-24.0,2.0,-7.165
-14.33,1.0,-39.0,-0.071817175,0.9725632,0.023361318,-24.0,2.0,-7.165
-14.42,1.0,-39.0,-0.06499644,0.97800916,0.01554748,-24.0,2.0,-7.21
-14.42,1.0,-39.0,-0.061350036,1.0393664,0.017630747,-24.0,2.0,-7.21
-14.42,1.0,-39.0,-0.052947827,1.0295446,0.016553167,-24.0,2.0,-7.21
-14.42,1.0,-39.0,-0.05160446,1.1022991,0.011886686,-24.0,2.0,-7.21
-14.42,1.0,-39.0,-0.05392973,1.0474473,0.013848484,-24.0,2.0,-7.21
-14.42,1.0,-39.0,-0.05988044,0.9951685,0.016306123,-24.0,2.0,-7.21
-14.42,1.0,-39.0,-0.061485223,1.0270588,0.014326811,-24.0,2.0,-7.21
-14.44,1.0,-39.0,-0.06141282,1.0204433,0.02155934,-24.0,1.0,-7.22
-14.44,1.0,-39.0,-0.06736417,0.9816973,0.024987163,-24.0,1.0,-7.22
-14.2,1.0,-36.0,-0.067796625,1.0022142,0.027990973,-23.0,1.0,-7.1
-14.2,1.0,-36.0,-0.06454945,1.0628278,0.011778395,-23.0,1.0,-7.1
-14.2,1.0,-36.0,-0.059155814,1.0075443,0.016548289,-23.0,1.0,-7.1
-14.2,1.0,-36.0,-0.06638844,1.0071979,0.013956211,-23.0,1.0,-7.1
-14.2,1.0,-36.0,-0.069789,1.0287001,0.014226709,-23.0,1.0,-7.1
-14.2,1.0,-36.0,-0.061862696,1.0230225,0.011381761,-23.0,1.0,-7.1
-14.2,1.0,-36.0,-0.058272123,1.0506152,0.0073801284,-23.0,1.0,-7.1
-14.1,1.0,-36.0,-0.06474961,0.9989173,0.009701107,-23.0,1.0,-7.05
-14.1,1.0,-36.0,-0.06840048,0.96442306,0.011524064,-23.0,1.0,-7.05
-13.83,1.0,-36.0,-0.06369521,0.90195435,0.017577888,-23.0,1.0,-6.915
-13.83,1.0,-36.0,-0.06641056,0.95623004,0.015457523,-23.0,1.0,-6.915
-13.83,1.0,-36.0,-0.06273259,1.0156198,0.011402172,-23.0,1.0,-6.915
-13.83,1.0,-36.0,-0.05997716,1.0416015,0.01104036,-23.0,1.0,-6.915
-13.83,1.0,-36.0,-0.054938715,1.0480939,0.012294805,-23.0,1.0,-6.915
-13.83,1.0,-36.0,-0.0640071,1.061309,0.01575888,-23.0,1.0,-6.915
-13.83,1.0,-36.0,-0.056236245,1.0726035,0.0060364213,-23.0,1.0,-6.915
-13.8,1.0,-36.0,-0.053356133,1.1471429,0.010623205,-23.0,1.0,-6.9
-13.8,1.0,-36.0,-0.061721977,1.0882645,0.008272572,-23.0,1.0,-6.9
-13.03,1.0,-36.0,-0.0637401,1.0255097,0.020857291,-23.0,1.0,-6.515
-13.03,1.0,-36.0,-0.064812176,1.0077168,0.020998232,-23.0,1.0,-6.515
-13.03,1.0,-36.0,-0.060305882,1.0213606,0.010898589,-23.0,1.0,-6.515
-13.03,1.0,-36.0,-0.06605856,1.0650305,0.014397931,-23.0,1.0,-6.515
-13.03,1.0,-36.0,-0.06710519,1.0290934,0.014812572,-23.0,1.0,-6.515
-13.03,1.0,-36.0,-0.06609634,1.0628483,0.018490743,-23.0,1.0,-6.515
-13.03,1.0,-36.0,-0.06982479,1.0356433,0.023051906,-23.0,1.0,-6.515
-13.06,1.0,-36.0,-0.06573089,1.0359313,0.01482265,-23.0,1.0,-6.53
-13.06,1.0,-36.0,-0.062093053,1.0214679,0.015206372,-23.0,1.0,-6.53
-13.41,-1.0,-36.0,-0.07076157,1.0209967,0.0153505625,-23.0,0.0,-6.705
-13.41,-1.0,-36.0,-0.06750555,1.0232576,0.017081508,-23.0,0.0,-6.705
-13.41,-1.0,-36.0,-0.06494126,1.0510949,0.016550649,-23.0,0.0,-6.705
-13.41,-1.0,-36.0,-0.06537403,1.0709094,0.0146010285,-23.0,0.0,-6.705
-13.41,-1.0,-36.0,-0.06446057,1.110403,0.016044596,-23.0,0.0,-6.705
-13.41,-1.0,-36.0,-0.06606747,1.041868,0.011878724,-23.0,0.0,-6.705
-13.41,-1.0,-36.0,-0.06905338,1.0250638,0.015552649,-23.0,0.0,-6.705
-13.44,-2.0,-36.0,-0.05565355,1.0768361,0.010652165,-23.0,0.0,-6.72
-13.44,-2.0,-36.0,-0.057079986,1.1243907,0.013635902,-23.0,0.0,-6.72
-12.89,-2.0,-28.0,-0.062063437,1.0160719,0.014195374,-19.0,0.0,-6.445
-12.89,-2.0,-28.0,-0.065546416,1.0151513,0.016853832,-19.0,0.0,-6.445
-12.89,-2.0,-28.0,-0.06335461,1.0063733,0.01852095,-19.0,0.0,-6.445
-12.89,-2.0,-28.0,-0.071993366,1.0429325,0.019533133,-19.0,0.0,-6.445
-12.89,-2.0,-28.0,-0.06463064,1.0700607,0.018598361,-19.0,0.0,-6.445
-12.89,-2.0,-28.0,-0.069288224,1.0452306,0.01722834,-19.0,0.0,-6.445
-12.89,-2.0,-28.0,-0.06608239,1.0533243,0.020807914,-19.0,0.0,-6.445
-12.84,-2.0,-28.0,-0.066313125,1.023434,0.019437848,-19.0,0.0,-6.42
-12.84,-2.0,-28.0,-0.06533344,1.0429643,0.015258476,-19.0,0.0,-6.42
-12.84,-2.0,-28.0,-0.05762538,1.0647271,0.013382218,-19.0,0.0,-6.42
-13.08,-2.0,-28.0,-0.056271616,0.9958793,0.007925238,-19.0,1.0,-6.54
-13.08,-2.0,-28.0,-0.06110905,1.0091156,0.012781411,-19.0,1.0,-6.54
-13.08,-2.0,-28.0,-0.057542898,1.1165142,0.009475095,-19.0,1.0,-6.54
-13.08,-2.0,-28.0,-0.063503765,1.03023,0.00977106,-19.0,1.0,-6.54
-13.08,-2.0,-28.0,-0.060923796,1.009852,0.015009492,-19.0,1.0,-6.54
-13.08,-2.0,-28.0,-0.07065643,1.0330145,0.018035106,-19.0,1.0,-6.54
-12.79,-2.0,-28.0,-0.068963535,1.0666047,0.016027456,-19.0,1.0,-6.395
-12.79,-2.0,-28.0,-0.06619883,1.1079648,0.0125318505,-19.0,1.0,-6.395
-12.79,-2.0,-28.0,-0.065235615,1.0482885,0.015534894,-19.0,1.0,-6.395
-12.8,-2.0,-29.0,-0.0639024,1.0162021,0.015480862,-19.0,1.0,-6.4
-12.8,-2.0,-29.0,-0.05618356,0.9840003,0.010526552,-19.0,1.0,-6.4
-12.8,-2.0,-29.0,-0.05722792,1.0263381,0.012313428,-19.0,1.0,-6.4
-12.8,-2.0,-29.0,-0.052008484,1.0991741,0.007709035,-19.0,1.0,-6.4
-12.8,-2.0,-29.0,-0.066037625,1.0151771,0.019174632,-19.0,1.0,-6.4
-12.8,-2.0,-29.0,-0.06309987,1.0092399,0.014971468,-19.0,1.0,-6.4
-12.88,-2.0,-29.0,-0.07166355,1.0513388,0.021065203,-19.0,2.0,-6.44
-12.88,-2.0,-29.0,-0.07059241,1.0087243,0.017372996,-19.0,2.0,-6.44
-12.88,-2.0,-29.0,-0.067805454,1.0305724,0.016591396,-19.0,2.0,-6.44
-13.49,-3.0,-29.0,-0.06472637,1.0946825,0.008987964,-19.0,2.0,-6.745
-13.49,-3.0,-29.0,-0.06338136,1.0592244,0.012617343,-19.0,2.0,-6.745
-13.49,-3.0,-29.0,-0.07551137,0.9741639,0.016795779,-19.0,2.0,-6.745
-13.49,-3.0,-29.0,-0.07128218,1.0310355,0.01594801,-19.0,2.0,-6.745
-13.49,-3.0,-29.0,-0.057386775,1.1024187,0.010491734,-19.0,2.0,-6.745
-13.49,-3.0,-29.0,-0.05907223,1.0331858,0.0062241904,-19.0,2.0,-6.745
-13.31,-3.0,-29.0,-0.06652868,1.0542113,0.014955912,-19.0,2.0,-6.655
-13.31,-3.0,-29.0,-0.05194109,1.0868948,0.011195644,-19.0,2.0,-6.655
-13.31,-3.0,-29.0,-0.051633336,1.1060382,0.009626744,-19.0,2.0,-6.655
-12.94,-3.0,-29.0,-0.057780307,1.0276952,0.011408814,-19.0,2.0,-6.47
-12.94,-3.0,-29.0,-0.05360559,1.027812,0.0125575485,-19.0,2.0,-6.47
-12.94,-3.0,-29.0,-0.057264213,1.0751759,0.016759165,-19.0,2.0,-6.47
-12.94,-3.0,-29.0,-0.06308446,1.0209312,0.012198295,-19.0,2.0,-6.47
-12.94,-3.0,-29.0,-0.06309809,1.0458909,0.0128941685,-19.0,2.0,-6.47
-12.94,-3.0,-29.0,-0.04772326,1.1299587,0.008094656,-19.0,2.0,-6.47
-12.7,-3.0,-29.0,-0.06363327,1.0343679,0.018403208,-19.0,2.0,-6.35
-12.7,-3.0,-29.0,-0.073795766,0.97042924,0.016226213,-19.0,2.0,-6.35
-12.7,-3.0,-29.0,-0.06448278,1.0220116,0.013824111,-19.0,2.0,-6.35
-12.52,-2.0,-29.0,-0.061437055,1.0275639,0.011988505,-19.0,2.0,-6.26
-12.52,-2.0,-29.0,-0.061426062,1.0785853,0.013763655,-19.0,2.0,-6.26
-12.52,-2.0,-29.0,-0.05119833,1.0868492,0.009242134,-19.0,2.0,-6.26
-12.52,-2.0,-29.0,-0.05460912,1.1180686,0.010257737,-19.0,2.0,-6.26
-12.52,-2.0,-29.0,-0.05908663,1.1483285,0.011478081,-19.0,2.0,-6.26
-12.52,-2.0,-29.0,-0.05884323,1.143846,0.0130642215,-19.0,2.0,-6.26
-12.61,-2.0,-29.0,-0.06651545,1.0845149,0.018023347,-19.0,2.0,-6.305
-12.61,-2.0,-29.0,-0.061266985,1.1006348,0.012100975,-19.0,2.0,-6.305
-12.61,-2.0,-29.0,-0.06524665,1.0616435,0.011959891,-19.0,2.0,-6.305
-12.46,-2.0,-29.0,-0.06230278,1.1047648,0.015804531,-19.0,2.0,-6.23
-12.46,-2.0,-29.0,-0.06169757,1.0860885,0.020295316,-19.0,2.0,-6.23
-12.46,-2.0,-29.0,-0.065260224,1.0275404,0.011473289,-19.0,2.0,-6.23
-12.46,-2.0,-29.0,-0.055714045,1.0415093,0.01036424,-19.0,2.0,-6.23
-12.46,-2.0,-29.0,-0.059974782,1.0521207,0.015565655,-19.0,2.0,-6.23
-12.46,-2.0,-29.0,-0.0653513,1.0781659,0.013772482,-19.0,2.0,-6.23
-12.62,-2.0,-29.0,-0.05499299,1.1247655,0.012007992,-19.0,2.0,-6.31
-12.62,-2.0,-29.0,-0.054546844,1.1337047,0.011342648,-19.0,2.0,-6.31
-12.62,-2.0,-29.0,-0.062475506,1.0476474,0.014873216,-19.0,2.0,-6.31
-12.45,-2.0,-29.0,-0.059465654,1.1352494,0.012531514,-17.0,2.0,-6.225
-12.45,-2.0,-29.0,-0.06587806,1.1028867,0.02124034,-17.0,2.0,-6.225
-12.45,-2.0,-29.0,-0.05717788,1.0572412,0.014512143,-17.0,2.0,-6.225
-12.45,-2.0,-29.0,-0.059001565,1.0310915,0.0130189145,-17.0,2.0,-6.225
-12.45,-2.0,-29.0,-0.056643374,1.0162469,0.01269267,-17.0,2.0,-6.225
-12.45,-2.0,-29.0,-0.06930288,0.97874486,0.017491,-17.0,2.0,-6.225
-12.42,-1.0,-29.0,-0.052227084,1.1004347,0.014100865,-17.0,2.0,-6.21
-12.42,-1.0,-29.0,-0.05398488,1.1179459,0.011777399,-17.0,2.0,-6.21
-12.42,-1.0,-29.0,-0.061906364,1.0865815,0.018352557,-17.0,2.0,-6.21
-12.41,-1.0,-29.0,-0.0625104,1.069077,0.01747798,-17.0,2.0,-6.205
-12.41,-1.0,-29.0,-0.06299345,1.0725248,0.017062033,-17.0,2.0,-6.205
-12.41,-1.0,-29.0,-0.07365635,1.0691566,0.020934582,-17.0,2.0,-6.205
-12.41,-1.0,-29.0,-0.06246329,1.0681076,0.015415709,-17.0,2.0,-6.205
-12.41,-1.0,-29.0,-0.064300396,1.1112895,0.008587504,-17.0,2.0,-6.205
-12.41,-1.0,-29.0,-0.061291393,1.1169555,0.014243204,-17.0,2.0,-6.205
-12.53,-1.0,-33.0,-0.06546085,1.084694,0.011074927,-18.0,2.0,-6.265
-12.53,-1.0,-33.0,-0.06332371,1.0440196,0.011588868,-18.0,2.0,-6.265
-12.53,-1.0,-33.0,-0.070750974,1.0772654,0.016182978,-18.0,2.0,-6.265
-12.31,-1.0,-33.0,-0.062379297,1.10447,0.013560842,-18.0,2.0,-6.155
-12.31,-1.0,-33.0,-0.052283023,1.0873817,0.008692899,-18.0,2.0,-6.155
-12.31,-1.0,-33.0,-0.05488416,1.0773046,0.014532701,-18.0,2.0,-6.155
-12.31,-1.0,-33.0,-0.059803985,1.0450156,0.011867425,-18.0,2.0,-6.155
-12.31,-1.0,-33.0,-0.05387718,1.0868423,0.012300449,-18.0,2.0,-6.155
-12.31,-1.0,-33.0,-0.062486432,1.0290942,0.011897409,-18.0,2.0,-6.155
-12.21,-1.0,-33.0,-0.056359258,1.1194204,0.012521935,-18.0,2.0,-6.105
-12.21,-1.0,-33.0,-0.065590575,1.1102765,0.015022916,-18.0,2.0,-6.105
-12.21,-1.0,-33.0,-0.07312493,1.0234115,0.022283662,-18.0,2.0,-6.105
-12.19,-1.0,-33.0,-0.07191964,1.0654836,0.010546691,-18.0,2.0,-6.095
-12.19,-1.0,-33.0,-0.061683632,1.1103464,0.006594811,-18.0,2.0,-6.095
-12.19,-1.0,-33.0,-0.06704035,1.0407975,0.013792795,-18.0,2.0,-6.095
-12.19,-1.0,-33.0,-0.071859434,1.0057231,0.026822455,-18.0,2.0,-6.095
-12.19,-1.0,-33.0,-0.065832056,1.0126705,0.011762694,-18.0,2.0,-6.095
-12.19,-1.0,-33.0,-0.060993742,1.0435063,0.014568311,-18.0,2.0,-6.095
-12.03,-1.0,-33.0,-0.054570977,1.0167115,0.014937707,-18.0,2.0,-6.015
-12.03,-1.0,-33.0,-0.066850156,0.9902173,0.016752176,-18.0,2.0,-6.015
-12.03,-1.0,-33.0,-0.06868247,1.0516677,0.018760633,-18.0,2.0,-6.015
-12.04,-1.0,-33.0,-0.06474482,1.0680197,0.015112293,-18.0,1.0,-6.02
-12.04,-1.0,-33.0,-0.060087714,1.1145599,0.015794354,-18.0,1.0,-6.02
-12.04,-1.0,-33.0,-0.070718646,0.99177146,0.02216716,-18.0,1.0,-6.02
-12.04,-1.0,-33.0,-0.07225671,1.0102508,0.021263177,-18.0,1.0,-6.02
-12.04,-1.0,-33.0,-0.069685124,1.0831329,0.016222442,-18.0,1.0,-6.02
-12.04,-1.0,-33.0,-0.07434228,1.0102111,0.019451285,-18.0,1.0,-6.02
-12.03,-1.0,-33.0,-0.06766791,1.000932,0.01781463,-18.0,1.0,-6.015
-12.03,-1.0,-33.0,-0.07970759,1.03782,0.024145972,-18.0,1.0,-6.015
-12.03,-1.0,-33.0,-0.06277757,1.066686,0.0145811625,-18.0,1.0,-6.015
-12.6,-1.0,-33.0,-0.065548755,1.0459208,0.010768911,-18.0,1.0,-6.3
-12.6,-1.0,-33.0,-0.0672103,0.9934014,0.014731074,-18.0,1.0,-6.3
-12.6,-1.0,-33.0,-0.059793044,1.0507165,0.019753344,-18.0,1.0,-6.3
-12.6,-1.0,-33.0,-0.06074761,1.0604235,0.012485657,-18.0,1.0,-6.3
-12.6,-1.0,-33.0,-0.06955096,1.0542358,0.01833966,-18.0,1.0,-6.3
-12.6,-1.0,-33.0,-0.065065846,1.0503993,0.014948285,-18.0,1.0,-6.3
-12.69,-1.0,-33.0,-0.07257673,0.9703629,0.017347747,-18.0,1.0,-6.345
-12.69,-1.0,-33.0,-0.07108355,0.9657285,0.013165857,-18.0,1.0,-6.345
-12.69,-1.0,-33.0,-0.0641632,0.93866044,0.011403964,-18.0,1.0,-6.345
-12.97,-1.0,-33.0,-0.07230315,0.98286,0.021616753,-18.0,1.0,-6.485
-12.97,-1.0,-33.0,-0.078428,0.9514023,0.02312798,-18.0,1.0,-6.485
-12.97,-1.0,-33.0,-0.067871496,1.0453149,0.015059447,-18.0,1.0,-6.485
-12.97,-1.0,-33.0,-0.06427074,1.0812,0.005443243,-18.0,1.0,-6.485
-12.97,-1.0,-33.0,-0.057253137,1.0242677,0.0049207555,-18.0,1.0,-6.485
-12.97,-1.0,-33.0,-0.07201293,0.98505044,0.01662621,-18.0,1.0,-6.485
-12.97,-1.0,-33.0,-0.06674395,1.0229915,0.015753197,-18.0,1.0,-6.485
-12.97,-1.0,-33.0,-0.056337588,1.1096772,0.011589664,-18.0,1.0,-6.485
-12.97,-1.0,-33.0,-0.06545915,1.092704,0.0165377,-18.0,1.0,-6.485
-13.1,-1.0,-33.0,-0.071881525,1.0614393,0.016886048,-18.0,1.0,-6.55
-13.1,-1.0,-33.0,-0.07178189,0.99362534,0.020284276,-18.0,1.0,-6.55
-13.1,-1.0,-33.0,-0.054401357,0.99622256,0.006162875,-18.0,1.0,-6.55
-13.1,-1.0,-33.0,-0.057952713,1.0117189,0.009307269,-18.0,1.0,-6.55
-13.1,-1.0,-33.0,-0.06879971,1.0163614,0.016474498,-18.0,1.0,-6.55
-13.1,-1.0,-33.0,-0.06831052,0.98451334,0.0119457375,-18.0,1.0,-6.55
-13.26,-1.0,-33.0,-0.05781476,1.0384449,0.0127450535,-18.0,1.0,-6.63
-13.26,-1.0,-33.0,-0.051903743,1.10869,0.009279622,-18.0,1.0,-6.63
-13.26,-1.0,-33.0,-0.06332851,1.0438836,0.011450266,-18.0,1.0,-6.63
-13.17,-1.0,-33.0,-0.059194088,1.1043239,0.007645959,-18.0,1.0,-6.585
-13.17,-1.0,-33.0,-0.067147665,1.0614,0.0110109495,-18.0,1.0,-6.585
-13.17,-1.0,-33.0,-0.057836294,1.0606788,0.01208484,-18.0,1.0,-6.585
-13.17,-1.0,-33.0,-0.059033927,1.0314727,0.012081127,-18.0,1.0,-6.585
-13.17,-1.0,-33.0,-0.051087696,1.1015998,0.011366875,-18.0,1.0,-6.585
-13.17,-1.0,-33.0,-0.05846297,1.080231,0.010589659,-18.0,1.0,-6.585
-12.95,-1.0,-33.0,-0.072121404,0.9965323,0.01813888,-18.0,1.0,-6.475
-12.95,-1.0,-33.0,-0.053413145,1.0563194,0.008797433,-18.0,1.0,-6.475
-12.95,-1.0,-33.0,-0.05875652,1.0366609,0.010028703,-18.0,1.0,-6.475
-13.19,-1.0,-33.0,-0.055283844,1.056362,0.008802821,-18.0,1.0,-6.595
-13.19,-1.0,-33.0,-0.069541916,0.9848812,0.026204674,-18.0,1.0,-6.595
-13.19,-1.0,-33.0,-0.0637869,1.0562378,0.015401141,-18.0,1.0,-6.595
-13.19,-1.0,-33.0,-0.061147764,1.0469756,0.01572839,-18.0,1.0,-6.595
-13.19,-1.0,-33.0,-0.06602218,1.0464886,0.018600643,-18.0,1.0,-6.595
-13.19,-1.0,-33.0,-0.057912767,0.98596776,0.016054038,-18.0,1.0,-6.595
-13.03,-1.0,-33.0,-0.058402456,1.0267074,0.012571764,-18.0,1.0,-6.515
-13.03,-1.0,-33.0,-0.06806734,0.94450915,0.026473084,-18.0,1.0,-6.515
-13.03,-1.0,-33.0,-0.06677845,0.9702402,0.014700294,-18.0,1.0,-6.515
-12.85,-1.0,-30.0,-0.06498509,1.0635774,0.012525815,-17.0,1.0,-6.425
-12.85,-1.0,-30.0,-0.066322245,1.021392,0.01630137,-17.0,1.0,-6.425
-12.85,-1.0,-30.0,-0.063576296,1.013281,0.015937157,-17.0,1.0,-6.425
-12.85,-1.0,-30.0,-0.06371284,1.0085894,0.0114271045,-17.0,1.0,-6.425
-12.85,-1.0,-30.0,-0.06804576,0.9545023,0.015912749,-17.0,1.0,-6.425
-12.85,-1.0,-30.0,-0.061168503,0.96379524,0.010898177,-17.0,1.0,-6.425
-13.01,-1.0,-30.0,-0.072359815,1.012336,0.016318109,-17.0,1.0,-6.505
-13.01,-1.0,-30.0,-0.06944057,0.9310353,0.014100086,-17.0,1.0,-6.505
-13.01,-1.0,-30.0,-0.06918721,0.9181376,0.02652847,-17.0,1.0,-6.505
-13.46,-1.0,-32.0,-0.07208525,0.96994644,0.021867117,-17.0,1.0,-6.73
-13.46,-1.0,-32.0,-0.058798518,0.9507735,0.011997029,-17.0,1.0,-6.73
-13.46,-1.0,-32.0,-0.064134054,0.9496494,0.015870241,-17.0,1.0,-6.73
-13.46,-1.0,-32.0,-0.062177047,0.8859674,0.00957568,-17.0,1.0,-6.73
-13.46,-1.0,-32.0,-0.06870281,0.9219292,0.010725957,-17.0,1.0,-6.73
-13.46,-1.0,-32.0,-0.063998826,0.9074799,0.009001011,-17.0,1.0,-6.73
-13.47,-1.0,-32.0,-0.07382452,0.9542285,0.021518668,-17.0,1.0,-6.735
-13.47,-1.0,-32.0,-0.06475445,1.0232027,0.0161574,-17.0,1.0,-6.735
-13.47,-1.0,-32.0,-0.06998464,0.9452708,0.01397872,-17.0,1.0,-6.735
-13.68,-3.0,-32.0,-0.06404505,0.93037504,0.013346358,-17.0,1.0,-6.84
-13.68,-3.0,-32.0,-0.06503847,0.94683367,0.010500774,-17.0,1.0,-6.84
-13.68,-3.0,-32.0,-0.07302339,1.0075359,0.01759276,-17.0,1.0,-6.84
-13.68,-3.0,-32.0,-0.066502914,1.1018704,0.012137008,-17.0,1.0,-6.84
-13.68,-3.0,-32.0,-0.06851344,1.0375828,0.016174356,-17.0,1.0,-6.84
-13.68,-3.0,-32.0,-0.06554176,1.0141703,0.012328376,-17.0,1.0,-6.84
-13.85,-3.0,-32.0,-0.06344798,0.96429455,0.013392376,-18.0,0.0,-6.925
-13.85,-3.0,-32.0,-0.058429696,0.96649337,0.017940117,-18.0,0.0,-6.925
-13.85,-3.0,-32.0,-0.063465126,1.0518491,0.013128835,-18.0,0.0,-6.925
-13.44,-3.0,-32.0,-0.071539864,0.9908981,0.020984748,-18.0,0.0,-6.72
-13.44,-3.0,-32.0,-0.06787544,0.9449565,0.0154784145,-18.0,0.0,-6.72
-13.44,-3.0,-32.0,-0.06083385,0.95452005,0.013263418,-18.0,0.0,-6.72
-13.44,-3.0,-32.0,-0.061756626,0.99127734,0.015118253,-18.0,0.0,-6.72
-13.44,-3.0,-32.0,-0.069012195,0.98801094,0.018215092,-18.0,0.0,-6.72
-13.44,-3.0,-32.0,-0.06966842,0.92089576,0.016330788,-18.0,0.0,-6.72
-13.49,-3.0,-32.0,-0.06760391,0.96886134,0.01954944,-18.0,0.0,-6.745
-13.49,-3.0,-32.0,-0.06808065,0.97019374,0.016732574,-18.0,0.0,-6.745
-13.49,-3.0,-32.0,-0.06001614,1.0158178,0.01124809,-18.0,0.0,-6.745
-13.73,-3.0,-32.0,-0.06071572,1.0988511,0.009705979,-18.0,0.0,-6.865
-13.73,-3.0,-32.0,-0.0655951,1.0338045,0.017347474,-18.0,0.0,-6.865
-13.73,-3.0,-32.0,-0.07908226,0.95645136,0.023055816,-18.0,0.0,-6.865
-13.73,-3.0,-32.0,-0.078536846,0.96283966,0.018174011,-18.0,0.0,-6.865
-13.73,-3.0,-32.0,-0.0658906,1.0268071,0.011311038,-18.0,0.0,-6.865
-13.73,-3.0,-32.0,-0.06229248,1.0467244,0.011623542,-18.0,0.0,-6.865
-13.65,-3.0,-32.0,-0.07173408,0.98566335,0.019217126,-18.0,0.0,-6.825
-13.65,-3.0,-32.0,-0.067524575,0.99712193,0.016814934,-18.0,0.0,-6.825
-13.65,-3.0,-32.0,-0.06462109,0.9998702,0.015611033,-18.0,0.0,-6.825
-13.99,-3.0,-32.0,-0.060116593,1.0657829,0.008985058,-18.0,0.0,-6.995
-13.99,-3.0,-32.0,-0.06170774,1.1062624,0.013286543,-18.0,0.0,-6.995
-13.99,-3.0,-32.0,-0.07044793,1.0158559,0.01528835,-18.0,0.0,-6.995
-13.99,-3.0,-32.0,-0.07194608,0.95304376,0.016980149,-18.0,0.0,-6.995
-13.99,-3.0,-32.0,-0.065067485,0.944862,0.010449658,-18.0,0.0,-6.995
-13.99,-3.0,-32.0,-0.060591333,1.0393561,0.009122959,-18.0,0.0,-6.995
-13.86,-3.0,-32.0,-0.062012188,0.99448395,0.014872792,-18.0,0.0,-6.93
-13.86,-3.0,-32.0,-0.069759235,1.0607051,0.01848646,-18.0,0.0,-6.93
-13.86,-3.0,-32.0,-0.066937126,1.0114367,0.012694925,-18.0,0.0,-6.93
-13.7,-3.0,-32.0,-0.06687519,0.950721,0.015705373,-18.0,1.0,-6.85
-13.7,-3.0,-32.0,-0.057456087,1.0095085,0.010187015,-18.0,1.0,-6.85
-13.7,-3.0,-32.0,-0.063840106,1.0501139,0.012533593,-18.0,1.0,-6.85
-13.7,-3.0,-32.0,-0.067516044,1.0934658,0.015286952,-18.0,1.0,-6.85
-13.7,-3.0,-32.0,-0.07201778,0.99768984,0.019562893,-18.0,1.0,-6.85
-13.7,-3.0,-32.0,-0.070201226,0.9845276,0.01781152,-18.0,1.0,-6.85
-13.91,-3.0,-32.0,-0.07464385,0.99166644,0.021308,-18.0,1.0,-6.955
-13.91,-3.0,-32.0,-0.07078837,0.9835581,0.01567918,-18.0,1.0,-6.955
-13.91,-3.0,-32.0,-0.06532043,1.0267314,0.010129269,-18.0,1.0,-6.955
-14.41,-3.0,-32.0,-0.07175065,1.0129262,0.0153678795,-18.0,1.0,-7.205
-14.41,-3.0,-32.0,-0.06829834,1.0542346,0.016862532,-18.0,1.0,-7.205
-14.41,-3.0,-32.0,-0.06274073,1.0604227,0.012360748,-18.0,1.0,-7.205
-14.41,-3.0,-32.0,-0.06919143,1.023029,0.018421194,-18.0,1.0,-7.205
-14.41,-3.0,-32.0,-0.074304916,1.0051239,0.02454294,-18.0,1.0,-7.205
-14.41,-3.0,-32.0,-0.06817251,1.0340278,0.013872334,-18.0,1.0,-7.205
-14.65,-3.0,-32.0,-0.063488185,1.0272075,0.015667735,-18.0,1.0,-7.325
-14.65,-3.0,-32.0,-0.07429174,1.0042179,0.01676863,-18.0,1.0,-7.325
-14.65,-3.0,-32.0,-0.07530996,1.0320834,0.016990937,-18.0,1.0,-7.325
-14.91,-3.0,-32.0,-0.074727945,1.0030764,0.019810615,-18.0,2.0,-7.455
-14.91,-3.0,-32.0,-0.07329823,1.0247054,0.016142257,-18.0,2.0,-7.455
-14.91,-3.0,-32.0,-0.07094736,1.0276002,0.018026557,-18.0,2.0,-7.455
-14.91,-3.0,-32.0,-0.064026736,1.0208808,0.010917156,-18.0,2.0,-7.455
-14.91,-3.0,-32.0,-0.06524398,0.97013074,0.009356152,-18.0,2.0,-7.455
-14.91,-3.0,-32.0,-0.069718234,0.9711665,0.0146420635,-18.0,2.0,-7.455
-14.84,-3.0,-32.0,-0.06738887,0.98918927,0.017189432,-18.0,2.0,-7.42
-14.84,-3.0,-32.0,-0.06648969,1.0623986,0.009984507,-18.0,2.0,-7.42
-14.84,-3.0,-32.0,-0.06316435,1.0657376,0.009871449,-18.0,2.0,-7.42
-14.73,-2.0,-30.0,-0.06539312,1.0839274,0.011341328,-18.0,2.0,-7.365
-14.73,-2.0,-30.0,-0.072175376,1.0472949,0.0128236115,-18.0,2.0,-7.365
-14.73,-2.0,-30.0,-0.061695218,1.0287454,0.013226027,-18.0,2.0,-7.365
-14.73,-2.0,-30.0,-0.058742013,0.97979176,0.00970956,-18.0,2.0,-7.365
-14.73,-2.0,-30.0,-0.06595704,1.0353454,0.014436155,-18.0,2.0,-7.365
-14.73,-2.0,-30.0,-0.06993141,1.0344156,0.0118773,-18.0,2.0,-7.365
-14.56,-2.0,-30.0,-0.0649571,1.0691049,0.012153,-18.0,2.0,-7.28
-14.56,-2.0,-30.0,-0.05956905,1.0394527,0.010595157,-18.0,2.0,-7.28
-14.56,-2.0,-30.0,-0.06385072,1.0659485,0.014939944,-18.0,2.0,-7.28
-14.44,-2.0,-30.0,-0.069212176,1.0401111,0.015491691,-18.0,2.0,-7.22
-14.44,-2.0,-30.0,-0.069001995,1.0185571,0.015435293,-18.0,2.0,-7.22
-14.44,-2.0,-30.0,-0.06758601,1.0269282,0.012866443,-18.0,2.0,-7.22
-14.44,-2.0,-30.0,-0.07526995,0.94066733,0.020624883,-18.0,2.0,-7.22
-14.44,-2.0,-30.0,-0.06348589,0.9661864,0.015727889,-18.0,2.0,-7.22
-14.44,-2.0,-30.0,-0.06813768,1.0191684,0.012687334,-18.0,2.0,-7.22
-14.27,-2.0,-30.0,-0.06361065,1.0740718,0.011768001,-18.0,2.0,-7.135
-14.27,-2.0,-30.0,-0.06942829,1.0501657,0.017374992,-18.0,2.0,-7.135
-14.27,-2.0,-30.0,-0.06414494,1.0738045,0.012315985,-18.0,2.0,-7.135
