-40.0
-55.0
-58.666666666666664
-53.0
-50.0
-47.666666666666664
-48.57142857142857
-47.75
-46.0
-46.4
-44.18181818181818
-43.0
-43.69230769230769
-44.714285714285715
-45.2
-43.875
-42.35294117647059
-42.111111111111114
-41.36842105263158
-41.2
-40.95238095238095
-40.27272727272727
-40.17391304347826
-40.833333333333336
-40.88
-40.69230769230769
-41.03703703703704
-40.57142857142857
-39.51724137931034
-39.0
-39.29032258064516
-39.5
-40.0
-40.23529411764706
-39.82857142857143
-39.72222222222222
-39.45945945945946
-40.05263157894737
-39.64102564102564
-39.9
-40.048780487804876
-39.76190476190476
-39.81395348837209
-39.5
-39.2
-39.130434782608695
-39.191489361702125
-38.875
-38.69387755102041
-38.68
-38.35294117647059
-38.03846153846154
-38.0
-38.0
-37.96363636363636
-38.32142857142857
-37.96491228070175
-38.51724137931034
-38.54237288135593
-38.43333333333333
-38.68852459016394
-38.61290322580645
-38.507936507936506
-38.75
-38.76923076923077
-38.515151515151516
-38.6865671641791
-38.88235294117647
-38.7536231884058
-38.57142857142857
-38.16901408450704
-38.30555555555556
-38.16438356164384
-37.83783783783784
-38.053333333333335
-37.73684210526316
-37.81818181818182
-37.743589743589745
-37.51898734177215
-37.775
-37.58024691358025
-37.48780487804878
-37.71084337349398
-38.04761904761905
-38.23529411764706
-38.30232558139535
-38.367816091954026
-38.13636363636363
-38.0
-38.06666666666667
-37.956043956043956
-38.0
-37.97849462365591
-38.148936170212764
-37.915789473684214
-37.75
-37.876288659793815
-37.83673469387755
-37.61616161616162
-37.82
-37.9
-37.46
-37.02
-36.82
-36.54
-36.48
-36.3
-36.16
-36.18
-35.96
-36.14
-36.08
-36.26
-35.98
-35.68
-35.7
-35.72
-35.78
-35.52
-35.44
-35.26
-35.36
-35.5
-35.56
-35.58
-35.36
-35.1
-35.2
-35.5
-35.62
-35.72
-35.72
-35.6
-35.24
-35.24
-35.14
-35.08
-34.92
-35.18
-35.16
-35.0
-34.92
-34.72
-35.24
-35.28
-35.08
-34.9
-34.96
-35.08
-34.86
-34.84
-35.08
-35.22
-35.1
-35.18
-34.84
-35.04
-34.9
-34.86
-34.94
-34.68
-34.62
-34.52
-34.38
-34.38
-35.12
-34.94
-34.84
-35.1
-35.14
-35.22
-35.02
-35.12
-35.26
-34.98
-35.2
-34.94
-35.04
-35.1
-35.1
-35.34
-35.3
-35.02
-34.7
-34.58
-34.58
-34.38
-34.66
-34.74
-34.56
-34.72
-34.66
-34.92
-34.78
-35.26
-35.3
-35.18
-35.22
-35.38
-34.96
-34.94
-35.1
-35.32
-35.7
-35.94
-35.98
-35.94
-35.94
-35.86
-35.92
-35.8
-35.84
-35.96
-36.08
-36.32
-36.5
-36.84
-36.8
-37.08
-37.22
-37.38
-37.22
-37.14
-36.72
-36.5
-36.72
-37.0
-36.98
-36.78
-36.84
-36.58
-36.48
-36.2
-36.46
-36.46
-36.76
-36.74
-36.82
-36.5
-36.78
-36.76
-36.84
-36.86
-36.28
-36.18
-36.06
-36.26
-36.16
-36.04
-36.12
-36.24
-36.08
-35.7
-35.88
-35.94
-35.94
-35.74
-35.46
-35.28
-34.96
-35.02
-35.2
-35.2
-34.96
-35.02
-34.54
-34.58
-34.7
-34.72
-34.66
-34.92
-35.34
-35.38
-35.52
-35.74
-35.6
-35.64
-35.64
-35.52
-35.2
-35.26
-35.5
-35.4
-35.42
-35.5
-35.48
-35.48
-35.38
-35.6
-35.52
-35.34
-35.5
-35.18
-35.32
-35.08
-35.28
-35.16
-35.1
-34.9
-35.08
-35.16
-34.98
-34.92
-34.54
-34.64
-34.62
-34.76
-34.82
-34.78
-34.74
-34.98
-35.1
-34.66
-34.4
-34.3
-34.38
-34.26
-34.14
-34.1
-34.04
-34.0
-33.96
-33.88
-33.92
-33.84
-34.14
-33.94
-33.96
-34.24
-34.18
-34.56
-34.56
-34.86
-35.06
-35.44
-35.14
-35.3
-35.06
-35.2
-34.76
-34.94
-35.0
-35.16
-35.2
-35.52
-35.88
-35.88
-36.0
-36.08
-36.04
-36.16
-36.22
-36.66
-36.74
-36.56
-36.6
-36.92
-37.04
-37.14
-37.36
-37.48
-37.36
-37.4
-37.5
-37.52
-37.48
-37.32
-37.04
-36.9
-37.0
-37.14
-36.94
-37.4
-37.28
-37.22
-37.4
-37.62
-37.52
-37.6
-37.66
-37.32
-36.94
-37.12
-37.24
-37.12
-36.94
-37.0
-36.86
-36.54
-36.7
-36.76
-36.4
-36.72
-36.48
-36.52
-36.24
-36.38
-36.28
-36.52
-36.28
-36.12
-36.36
-36.14
-36.5
-36.34
-36.26
-36.12
-36.18
-36.48
-36.6
-36.16
-35.98
-35.86
-36.02
-36.26
-36.16
-36.04
-35.9
-36.0
-36.5
-36.44
-36.52
-36.38
-36.36
-36.56
-36.2
-36.42
-36.38
-36.4
-36.44
-36.24
-36.22
-35.88
-35.66
-35.44
-35.46
-35.5
-35.56
-35.46
-35.44
-35.26
-35.36
-35.26
-35.38
-35.18
-35.22
-35.1
-35.0
-34.78
-34.8
-34.82
-34.7
-34.46
-34.46
-34.24
-34.52
-34.36
-34.1
-34.32
-34.74
-34.5
-34.48
-34.42
-34.44
-34.26
-34.4
-34.76
-34.94
-34.52
-34.54
-34.48
-34.14
-33.68
-33.62
-33.6
-33.48
-33.56
-33.4
-33.64
-33.62
-33.84
-34.12
-34.0
-33.8
-33.6
-33.92
-34.14
-34.14
-34.18
-34.32
-34.24
-34.44
-34.54
-34.4
-34.38
-34.6
-34.52
-34.46
-34.22
-34.26
-34.12
-33.96
-34.04
-33.72
-33.9
-34.0
-34.2
-33.94
-33.72
-33.76
-34.12
-34.36
-34.26
-34.26
-33.94
-33.9
-34.12
-34.34
-34.4
-33.74
-33.82
-33.88
-34.02
-34.16
-34.22
-34.28
-34.14
-34.04
-33.86
-34.1
-34.1
-34.34
-34.58
-34.68
-35.02
-35.46
-35.4
-35.42
-35.68
-36.02
-35.98
-36.12
-36.14
-36.28
-36.36
-36.4
-36.3
-36.32
-36.2
-36.32
-36.12
-36.1
-36.14
-35.74
-35.76
-35.48
-35.32
-35.68
-35.8
-35.36
-35.58
-35.68
-35.84
-35.68
-35.66
-35.34
-35.3
-35.12
-35.46
-35.5
-35.02
-35.18
-35.06
-35.12
-34.98
-34.84
-34.46
-34.66
-34.68
-34.52
-34.36
-34.34
-34.6
-34.5
-35.04
-34.88
-34.76
-34.82
-35.0
-34.7
-34.82
-34.76
-34.46
-34.72
-34.66
-34.62
-34.46
-34.7
-34.84
-35.28
-35.54
-35.4
-35.32
-35.34
-35.26
-35.64
-35.26
-35.46
-35.7
-35.48
-35.26
-35.2
-35.52
-35.3
-35.3
-35.5
-35.48
-35.64
-35.52
-35.76
-35.7
-35.66
-35.54
-35.5
-35.36
-35.46
-35.32
-35.52
-35.7
-35.36
-35.1
-34.64
-34.74
-34.48
-34.0
-33.48
-33.46
-33.42
-33.3
-32.74
-32.76
-32.58
-32.8
-32.6
-32.56
-32.48
-32.34
-32.42
-32.84
-32.76
-32.76
-32.94
-32.78
-32.84
-32.88
-32.84
-32.86
-32.74
-32.54
-32.64
-32.32
-32.3
-32.36
-32.46
-32.54
-32.62
-32.52
-32.5
-32.46
-32.52
-33.0
-32.94
-32.98
-32.84
-33.4
-33.5
-33.44
-33.54
-33.4
-33.58
-33.88
-33.8
-33.56
-33.86
-33.56
-33.6
-33.72
-34.04
-33.74
-33.8
-33.96
-33.88
-33.9
-34.14
-34.16
-34.2
-34.46
-34.24
-34.18
-33.82
-33.6
-33.68
-33.84
-33.94
-33.98
-33.52
-33.56
-33.62
-33.52
-33.44
-33.36
-33.22
-33.02
-33.12
-32.98
-32.88
-32.88
-32.72
-32.76
-32.7
-32.7
-32.78
-32.68
-32.56
-32.48
-32.58
-32.9
-32.8
-32.78
-32.88
-32.88
-32.98
-32.74
-32.76
-32.72
-32.82
-32.7
-32.66
-32.56
-32.84
-32.84
-32.56
-32.44
-32.54
-32.54
-32.48
-32.88
-32.86
-32.76
-32.98
-33.08
-33.12
-33.28
-33.56
-33.88
-34.18
-34.22
-34.02
-33.78
-33.8
-33.96
-34.04
-34.08
-34.26
-34.22
-34.26
-34.26
-34.34
-34.54
-34.38
-34.28
-34.08
-34.06
-34.26
-34.06
-34.0
-34.06
-33.9
-33.88
-33.8
-33.76
-33.88
-34.04
-33.64
-33.58
-33.32
-33.44
-33.26
-33.52
-33.56
-33.56
-33.48
-33.56
-33.22
-33.04
-32.88
-32.98
-33.3
-33.74
-33.74
-33.62
-33.68
-33.82
-33.62
-33.44
-33.88
-33.9
-33.86
-33.86
-33.9
-33.82
-33.92
-33.98
-34.32
-34.54
-34.86
-34.5
-34.52
-34.5
-34.72
-34.86
-34.68
-34.84
-35.24
-35.62
-35.12
-34.86
-34.86
-34.62
-34.98
-35.32
-35.56
-35.94
-36.0
-36.1
-36.28
-36.56
-36.7
-36.64
-36.74
-36.82
-36.96
-36.94
-36.9
-36.96
-36.76
-36.82
-37.22
-37.26
-37.14
-37.02
-36.78
-36.92
-36.7
-36.6
-36.42
-36.54
-36.8
-37.06
-37.0
-37.14
-37.24
-37.06
-37.14
-37.2
-37.24
-37.2
-37.1
-36.78
-36.76
-36.52
-36.9
-36.74
-36.7
-36.62
-36.82
-37.0
-37.02
-37.16
-37.34
-36.92
-36.96
-36.74
-37.1
-37.16
-37.4
-37.02
-36.66
-36.82
-36.96
-36.78
-36.92
-36.52
-36.42
-37.02
-37.18
-37.22
-37.2
-37.0
-37.04
-36.96
-37.02
-37.18
-37.7
-37.72
-37.44
-37.68
-37.7
-37.6
-37.88
-38.14
-38.0
-38.2
-38.08
-38.02
-37.92
-38.04
-37.9
-38.38
-37.9
-37.88
-38.04
-38.14
-37.86
-37.52
-37.88
-37.96
-37.72
-38.0
-37.74
-37.26
-37.08
-36.64
-36.8
-36.76
-36.56
-36.24
-36.1
-36.46
-36.32
-36.26
-36.14
-36.1
-35.96
-35.9
-36.1
-35.74
-35.38
-35.64
-35.56
-35.66
-35.8
-36.02
-36.26
-36.2
-36.44
-36.2
-35.94
-35.8
-35.62
-35.46
-35.22
-35.2
-35.08
-35.08
-35.02
-35.1
-35.64
-35.56
-35.66
-36.06
-36.02
-36.42
-36.44
-36.3
-36.28
-36.48
-36.4
-36.36
-36.34
-36.5
-36.6
-36.74
-36.52
-36.26
-36.0
-35.98
-36.0
-35.54
-35.36
-35.36
-35.34
-35.86
-36.08
-35.94
-35.8
-35.94
-35.7
-35.72
-35.7
-36.14
-35.94
-35.52
-35.3
-35.16
-34.9
-34.66
-34.6
-34.9
-34.66
-34.74
-35.16
-34.9
-34.94
-35.1
-34.72
-34.84
-34.92
-34.44
-34.76
-34.78
-34.82
-34.84
-34.96
-35.0
-35.1
-34.82
-34.94
-35.06
-34.76
-34.86
-34.88
-34.92
-34.78
-34.76
-34.8
-34.82
-34.96
-35.04
-34.78
-35.0
-35.1
-35.0
-35.22
-35.3
-35.24
-35.88
-36.0
-35.9
-35.8
-35.84
-35.78
-35.6
-35.34
-35.18
-34.62
-34.94
-35.18
-35.72
-35.8
-35.86
-35.84
-35.7
-35.6
-35.7
-35.82
-35.64
-35.1
-35.18
-34.92
-34.86
-35.22
-35.12
-35.1
-34.96
-35.06
-34.88
-35.2
-35.04
-34.92
-35.04
-34.86
-34.8
-34.88
-34.98
-35.12
-35.36
-35.58
-35.72
-36.0
-35.92
-36.0
-35.92
-35.84
-35.32
-35.52
-35.44
-35.46
-35.16
-35.44
-35.24
-35.28
-35.34
-35.12
-35.26
-35.48
-35.4
-35.48
-35.16
-35.26
-35.5
-35.12
-35.02
-34.92
-34.86
-34.8
-34.9
-34.96
-35.2
-35.04
-35.1
-34.88
-34.76
-34.74
-34.68
-34.56
-34.9
-34.9
-34.52
-34.92
-35.08
-35.2
-35.14
-35.3
-35.36
-35.38
-35.58
-35.64
-35.36
-35.72
-35.54
-35.52
-35.78
-35.64
-35.5
-35.44
-34.74
-34.7
-34.44
-34.34
-34.52
-34.84
-34.5
-34.8
-34.86
-35.28
-34.98
-34.78
-34.28
-34.68
-34.66
-34.9
-35.04
-34.94
-34.84
-34.66
-34.96
-35.18
-35.28
-35.46
-35.08
-34.8
-34.68
-34.68
-34.86
-34.62
-34.9
-34.96
-35.16
-35.32
-35.08
-35.08
-35.36
-35.18
-35.56
-35.6
-35.38
-35.32
-35.58
-35.28
-35.26
-35.56
-35.52
-35.34
-35.6
-35.8
-35.74
-35.74
-35.96
-35.8
-35.76
-35.74
-35.78
-36.04
-36.0
-35.86
-36.12
-36.2
-36.32
-36.14
-36.1
-36.48
-36.6
-36.7
-36.7
-36.88
-36.64
-36.84
-36.58
-36.72
-36.78
-37.08
-36.96
-36.86
-36.9
-36.86
-36.84
-36.96
-37.0
-36.78
-37.02
-36.68
-37.02
-36.82
-36.88
-36.86
-36.72
-36.58
-36.44
-36.42
-36.7
-36.7
-36.76
-36.94
-37.1
-37.24
-37.4
-37.36
-37.6
-37.96
-37.56
-37.28
-37.68
-37.36
-37.5
-37.38
-37.52
-37.7
-37.46
-37.12
-37.16
-36.88
-37.18
-37.3
-37.56
-37.68
-37.5
-37.48
-37.5
-37.7
-37.84
-37.84
-37.82
-37.78
-37.72
-37.84
-37.58
-37.2
-37.1
-37.0
-37.58
-37.72
-37.74
-38.0
-37.96
-37.98
-38.32
-38.66
-38.48
-38.52
-38.46
-38.14
-38.02
-38.04
-37.7
-37.4
-36.94
-37.12
-37.1
-37.0
-37.16
-37.42
-37.44
-37.26
-37.72
-37.94
-37.94
-37.82
-37.64
-37.94
-37.6
-37.26
-37.24
-37.06
-37.0
-37.02
-37.08
-36.86
-37.14
-37.46
-37.24
-36.9
-37.12
-37.3
-37.66
-37.88
-37.6
-37.62
-37.7
-37.62
-37.38
-37.8
-38.0
-37.86
-37.8
-37.92
-37.9
-38.0
-38.18
-38.48
-38.02
-38.12
-38.16
-38.12
-37.98
-37.9
-38.18
-38.24
-38.12
-38.04
-38.32
-38.28
-38.02
-38.06
-38.12
-38.3
-38.34
-38.38
-38.58
-38.68
-38.86
-38.98
-38.54
-38.46
-38.12
-38.0
-38.04
-37.74
-37.7
-37.82
-37.92
-37.98
-38.1
-38.2
-38.08
-38.28
-38.12
-38.36
-38.2
-38.08
-37.98
-38.08
-37.94
-37.92
-37.78
-37.86
-37.8
-37.42
-37.24
-37.16
-37.16
-36.98
-36.86
-36.84
-37.2
-37.28
-37.26
-37.02
-37.04
-37.04
-36.96
-36.8
-36.68
-36.5
-36.14
-36.4
-36.5
-36.5
-36.54
-36.54
-36.66
-36.8
-36.84
-36.78
-36.54
-36.68
-36.7
-36.76
-36.4
-35.84
-35.94
-36.48
-36.68
-36.64
-36.2
-35.96
-36.2
-36.18
-35.92
-36.32
-36.2
-36.18
-35.82
-36.44
-36.46
-36.32
-36.42
-36.22
-36.22
-35.82
-35.84
-35.8
-35.44
-35.32
-35.2
-35.5
-35.26
-35.02
-35.44
-35.2
-35.08
-35.1
-34.96
-35.16
-35.24
-34.82
-34.96
-35.14
-35.08
-35.14
-34.88
-34.88
-35.08
-35.28
-35.3
-35.36
-35.42
-36.22
-36.32
-35.96
-35.9
-35.92
-35.8
-35.68
-35.72
-35.56
-35.62
-35.54
-35.52
-35.76
-35.54
-35.1
-35.08
-35.12
-35.2
-35.22
-34.92
-35.26
-35.64
-35.68
-35.88
-35.88
-36.28
-36.38
-36.38
-36.3
-36.56
-37.2
-36.94
-36.86
-36.68
-36.78
-37.04
-36.98
-37.14
-36.98
-37.18
-37.16
-37.28
-37.22
-37.34
-37.12
-37.52
-37.66
-37.92
-37.62
-37.62
-37.42
-37.62
-37.84
-37.94
-37.54
-37.28
-37.42
-37.56
-37.64
-37.66
-37.86
-38.22
-37.7
-37.82
-37.68
-37.6
-37.34
-37.12
-37.28
-37.38
-37.48
-37.16
-37.5
-37.52
-37.54
-37.38
-37.26
-37.4
-37.18
-37.1
-37.18
-36.62
-36.84
-36.76
-36.84
-37.06
-37.06
-36.92
-37.22
-37.02
-36.88
-37.16
-37.1
-37.18
-37.1
-37.06
-37.1
-37.28
-37.56
-37.5
-36.74
-36.84
-36.9
-37.14
-36.74
-36.62
-36.98
-36.86
-36.74
-36.82
-36.64
-36.78
-36.48
-36.42
-36.46
-36.46
-36.46
-36.06
-36.06
-36.0
-35.8
-35.7
-35.76
-35.66
-35.84
-35.42
-35.32
-35.38
-35.16
-35.1
-34.54
-34.6
-34.58
-34.68
-34.58
-34.7
-35.22
-35.0
-35.22
-34.64
-34.86
-34.94
-35.04
-35.02
-35.28
-34.8
-34.78
-34.64
-34.7
-34.66
-34.86
-34.82
-34.78
-34.72
-34.88
-35.18
-35.18
-35.62
-35.66
-35.76
-35.52
-35.26
-35.22
-35.04
-35.06
-35.14
-34.98
-35.12
-34.94
-34.74
-34.56
-34.92
-34.7
-34.8
-34.96
-35.06
-35.28
-35.02
-34.86
-35.04
-35.18
-35.22
-35.22
-35.6
-35.42
-35.44
-35.5
-35.44
-35.44
-35.66
-35.68
-35.5
-35.48
-35.62
-35.66
-35.62
-35.58
-35.28
-34.9
-34.88
-35.02
-34.7
-34.74
-34.6
-34.74
-34.88
-34.86
-34.82
-34.78
-34.96
-35.3
-35.56
-35.62
-35.56
-35.88
-36.02
-36.08
-36.08
-35.86
-36.24
-36.28
-36.22
-36.22
-36.14
-36.28
-36.08
-36.14
-36.08
-36.36
-36.58
-36.56
-36.94
-36.98
-37.36
-37.48
-37.2
-37.2
-37.24
-36.74
-37.08
-36.94
-36.74
-36.74
-36.94
-36.86
-37.06
-37.14
-37.3
-37.18
-37.16
-36.9
-36.8
-36.7
-36.84
-36.7
-36.62
-36.26
-35.9
-36.04
-35.68
-35.74
-35.66
-35.88
-36.28
-36.22
-36.12
-36.14
-36.18
-36.44
-36.98
-37.54
-37.5
-37.46
-37.54
-37.78
-37.98
-37.9
-38.38
-38.52
-38.46
-38.26
-38.26
-38.28
-37.88
-37.9
-37.62
-37.56
-37.72
-37.6
-37.56
-37.64
-37.52
-37.18
-36.94
-36.8
-36.92
-36.74
-37.2
-37.42
-37.28
-37.32
-37.42
-37.36
-37.76
-37.68
-37.5
-37.48
-37.46
-37.78
-37.98
-37.88
-37.8
-37.76
-37.72
-37.58
-37.36
-37.24
-37.64
-37.72
-37.4
-37.48
-37.56
-37.54
-37.62
-37.36
-37.72
-37.78
-37.56
-37.56
-37.38
-37.6
-37.72
-37.78
-37.24
-37.42
-37.6
-37.46
-37.66
-37.72
-37.44
-37.38
-37.78
-37.66
-37.68
-37.6
-37.22
-37.32
-37.32
-37.2
-37.1
-37.34
-37.38
-37.54
-37.32
-37.44
-37.28
-37.3
-37.46
-37.48
-37.58
-37.76
-38.02
-37.92
-37.6
-37.88
-37.96
-37.9
-37.94
-37.54
-37.18
-37.02
-36.9
-37.02
-37.4
-37.06
-36.76
-36.98
-36.58
-36.48
-36.46
-36.4
-36.38
-36.62
-36.76
-36.7
-36.8
-36.74
-36.68
-36.66
-36.7
-36.68
-36.6
-36.96
-37.02
-37.22
-37.3
-37.54
-37.16
-37.24
-37.16
-37.36
-37.48
-37.44
-36.86
-37.12
-37.46
-37.18
-37.32
-37.06
-36.9
-36.8
-36.76
-36.72
-36.82
-36.7
-36.68
-36.48
-36.04
-36.14
-36.16
-36.16
-35.88
-35.9
-35.86
-35.86
-35.66
-35.66
-35.6
-35.78
-35.82
-35.76
-35.52
-35.92
-36.16
-35.86
-35.7
-35.76
-35.62
-35.6
-35.68
-35.9
-35.4
-35.28
-34.96
-35.12
-35.34
-35.02
-35.02
-35.32
-35.48
-35.46
-35.4
-35.3
-35.32
-35.54
-35.42
-35.6
-35.48
-35.18
-35.3
-35.04
-35.4
-35.56
-35.8
-35.72
-35.5
-35.38
-35.64
-35.92
-35.66
-35.26
-35.36
-35.12
-34.66
-34.64
-35.1
-35.12
-35.28
-35.4
-35.22
-35.32
-35.2
-34.82
-34.68
-34.84
-34.84
-34.78
-34.6
-34.84
-34.76
-34.64
-34.84
-34.7
-34.68
-34.7
-34.62
-34.7
-34.58
-34.38
-34.4
-34.24
-34.34
-34.54
-34.42
-34.38
-34.32
-34.4
-34.3
-34.88
-34.44
-34.28
-34.38
-34.44
-34.3
-34.34
-34.2
-34.46
-34.42
-34.5
-34.96
-34.94
-35.14
-35.26
-35.64
-35.9
-35.88
-35.68
-36.0
-35.82
-35.88
-36.04
-35.8
-35.44
-35.26
-35.46
-35.56
-35.44
-35.74
-35.76
-35.6
-35.6
-35.82
-35.94
-35.92
-35.78
-36.12
-36.42
-36.16
-36.06
-36.1
-35.86
-36.02
-36.02
-36.1
-35.94
-36.04
-36.12
-36.32
-36.2
-36.28
-36.3
-35.88
-35.6
-35.42
-35.62
-35.9
-35.94
-35.62
-35.46
-35.8
-35.76
-35.82
-35.9
-35.98
-35.76
-35.54
-35.34
-35.24
-35.12
-35.3
-35.22
-35.54
-35.6
-35.74
-35.94
-35.82
-35.6
-35.74
-35.54
-35.48
-35.42
-35.4
-35.42
-35.4
-35.26
-35.04
-34.74
-34.98
-34.98
-35.04
-34.86
-34.64
-34.62
-34.96
-35.1
-35.08
-34.92
-35.44
-34.88
-35.12
-35.64
-35.36
-35.56
-35.78
-35.88
-35.9
-35.94
-36.24
-36.06
-35.6
-35.4
-35.74
-35.6
-35.26
-35.18
-35.66
-35.92
-35.94
-36.1
-35.8
-35.68
-35.96
-36.3
-36.46
-36.18
-36.48
-36.72
-36.4
-36.38
-36.48
-36.22
-36.32
-36.26
-36.18
-36.12
-35.62
-35.2
-35.5
-35.3
-35.32
-35.48
-35.28
-35.1
-35.02
-35.2
-35.1
-34.72
-34.48
-34.64
-34.56
-34.62
-34.76
-34.72
-34.52
-34.04
-34.22
-34.54
-34.78
-34.98
-35.18
-35.1
-35.04
-34.9
-35.08
-35.2
-34.96
-34.86
-35.24
-35.3
-35.28
-35.56
-35.4
-35.38
-35.3
-34.94
-34.96
-35.24
-35.1
-35.3
-35.46
-35.42
-35.52
-35.58
-35.86
-35.9
-36.24
-36.4
-36.12
-36.2
-36.2
-36.62
-36.88
-36.64
-36.48
-36.1
-36.16
-36.48
-36.26
-36.32
-36.2
-35.88
-35.82
-35.88
-35.8
-35.72
-35.76
-35.68
-35.58
-35.64
-35.74
-35.9
-35.62
-35.76
-35.82
-35.84
-35.5
-35.36
-35.24
-35.04
-35.36
-35.24
-35.2
-34.74
-34.64
-34.7
-34.2
-33.94
-33.68
-33.72
-33.8
-33.82
-33.7
-33.42
-33.66
-33.76
-33.92
-34.36
-34.14
-34.18
-34.2
-34.42
-34.48
-34.6
-34.84
-34.64
-34.54
-34.94
-34.9
-35.0
-34.96
-34.88
-34.92
-35.16
-35.64
-35.66
-35.68
-35.4
-35.04
-35.1
-35.04
-35.28
-35.1
-35.64
-35.2
-35.24
-35.92
-36.14
-36.0
-35.96
-36.02
-36.08
-36.04
-36.14
-36.16
-36.3
-36.38
-36.44
-36.56
-36.24
-36.12
-36.28
-36.16
-36.18
-35.96
-36.0
-35.7
-35.72
-36.04
-36.1
-36.18
-35.98
-35.78
-36.16
-36.26
-36.34
-36.28
-36.0
-35.8
-35.74
-36.0
-35.88
-36.1
-36.04
-36.16
-36.1
-36.08
-36.1
-36.2
-36.24
-36.1
-36.34
-36.28
-36.26
-36.14
-36.12
-35.92
-35.96
-35.9
-35.88
-35.76
-35.74
-35.58
-35.66
-35.48
-35.6
-35.64
-35.94
-36.32
-36.1
-36.34
-36.38
-36.14
-36.28
-36.16
-36.08
-36.26
-36.28
-36.26
-36.64
-36.5
-36.36
-36.34
-36.34
-36.24
-36.16
-36.34
-36.1
-36.28
-36.12
-36.38
-36.64
-36.36
-36.46
-36.24
-36.6
-36.14
-36.56
-36.74
-36.62
-36.16
-36.24
-36.34
-35.82
-36.22
-36.32
-35.78
-35.7
-35.76
-35.94
-35.86
-35.56
-35.52
-35.6
-35.72
-35.72
-35.86
-35.84
-35.94
-36.28
-36.06
-35.76
-35.82
-35.88
-35.76
-35.68
-36.02
-35.98
-35.86
-35.68
-35.7
-35.56
-35.48
-35.2
-35.36
-35.24
-35.24
-35.34
-35.4
-35.52
-35.34
-35.62
-35.54
-35.54
-35.5
-35.66
-35.86
-36.22
-36.38
-36.24
-36.18
-35.98
-35.94
-35.96
-36.06
-36.14
-36.46
-36.64
-36.64
-36.94
-36.74
-36.86
-37.08
-37.42
-37.82
-37.76
-37.9
-37.56
-37.42
-37.8
-37.52
-37.64
-38.0
-38.02
-37.96
-37.92
-37.7
-37.72
-37.92
-37.8
-37.78
-37.88
-37.86
-38.14
-38.1
-37.98
-38.34
-38.5
-38.12
-38.2
-38.06
-37.94
-37.98
-37.94
-38.12
-37.64
-37.84
-37.32
-37.22
-36.94
-37.18
-37.34
-37.44
-37.38
-37.52
-37.5
-37.72
-37.36
-37.22
-36.94
-37.0
-37.24
-37.32
-37.32
-37.14
-37.06
-36.98
-36.98
-36.7
-36.86
-37.12
-37.62
-37.86
-37.56
-37.86
-38.1
-37.86
-37.84
-37.8
-37.96
-38.08
-38.3
-38.5
-38.52
-38.36
-38.4
-38.44
-38.3
-38.32
-38.52
-38.42
-38.32
-38.44
-38.6
-38.54
-38.44
-38.44
-38.08
-37.68
-38.02
-38.3
-38.32
-38.18
-38.14
-38.08
-38.18
-37.96
-37.82
-38.0
-37.64
-38.0
-38.04
-38.28
-38.16
-37.96
-37.74
-37.5
-37.4
-37.56
-37.46
-37.58
-37.56
-37.28
-37.26
-37.26
-37.12
-37.46
-37.04
-36.74
-36.84
-37.04
-37.22
-37.8
-37.54
-37.42
-37.5
-36.92
-36.9
-36.94
-37.02
-36.9
-36.76
-36.88
-36.82
-36.58
-36.74
-36.62
-37.22
-37.16
-37.2
-37.14
-36.86
-36.78
-36.96
-36.78
-36.5
-36.78
-37.02
-36.9
-36.98
-36.94
-37.04
-36.94
-36.9
-36.92
-36.84
-36.88
-36.68
-36.82
-36.32
-36.34
-36.0
-35.66
-36.02
-35.96
-35.72
-35.76
-35.88
-36.1
-35.86
-35.92
-35.9
-35.86
-36.02
-35.9
-36.02
-35.72
-35.92
-36.12
-35.82
-35.96
-35.96
-36.0
-35.72
-35.68
-35.58
-35.5
-35.64
-36.12
-35.94
-35.86
-35.78
-35.92
-36.18
-36.62
-36.2
-36.4
-36.68
-36.5
-36.76
-36.4
-36.36
-35.84
-35.66
-35.96
-36.32
-36.36
-36.48
-36.3
-36.24
-36.54
-36.64
-37.06
-37.22
-37.4
-37.38
-37.08
-37.48
-37.9
-37.72
-37.54
-37.2
-36.76
-36.88
-36.78
-36.92
-37.24
-37.28
-37.34
-37.24
-37.54
-37.6
-37.56
-37.46
-37.6
-37.5
-37.84
-37.48
-37.46
-37.72
-37.7
-37.58
-37.64
-37.68
-37.46
-38.04
-37.7
-37.9
-37.86
-38.12
-37.84
-37.76
-37.9
-37.84
-38.06
-38.28
-38.4
-38.74
-38.76
-38.72
-38.5
-38.42
-38.62
-38.4
-38.1
-38.2
-38.42
-38.52
-38.56
-38.48
-38.18
-37.86
-37.62
-37.7
-37.54
-37.58
-37.86
-37.84
-37.64
-37.94
-38.0
-37.74
-37.52
-37.62
-37.64
-37.68
-37.6
-37.58
-37.4
-37.44
-37.32
-37.28
-37.44
-37.04
-36.54
-36.9
-37.06
-36.84
-36.9
-36.68
-36.92
-36.98
-37.08
-36.94
-36.58
-36.32
-36.78
-36.62
-36.8
-37.06
-36.66
-36.3
-36.02
-35.82
-35.96
-36.06
-36.06
-35.76
-35.86
-36.02
-36.14
-36.2
-36.26
-36.26
-36.26
-36.2
-36.18
-35.82
-36.04
-35.9
-35.44
-35.56
-35.44
-35.44
-35.32
-35.36
-35.24
-35.16
-35.66
-35.7
-36.06
-36.02
-35.88
-35.92
-35.82
-35.5
-35.38
-35.44
-35.52
-35.44
-35.7
-35.32
-35.3
-35.14
-35.18
-35.5
-35.54
-35.46
-35.44
-35.5
-35.78
-35.84
-35.66
-35.72
-35.68
-35.64
-35.54
-35.24
-34.94
-35.22
-35.1
-35.3
-35.56
-35.5
-35.8
-35.74
-35.68
-35.5
-35.48
-35.32
-35.34
-35.36
-35.24
-35.1
-35.12
-35.16
-35.42
-35.02
-34.76
-34.82
-35.1
-35.12
-35.18
-35.54
-35.82
-35.72
-35.64
-35.5
-35.66
-35.86
-35.8
-35.62
-35.58
-36.04
-36.5
-36.72
-36.24
-36.66
-36.56
-36.34
-36.3
-36.62
-36.74
-36.9
-36.78
-37.02
-37.2
-37.18
-36.94
-36.78
-36.58
-36.58
-36.44
-36.6
-36.64
-36.66
-36.74
-36.9
-36.88
-36.78
-36.98
-36.94
-36.82
-37.0
-37.08
-37.04
-36.98
-37.14
-36.72
-36.84
-36.6
-36.62
-36.62
-36.36
-36.72
-36.68
-36.68
-36.72
-36.96
-36.92
-37.04
-37.58
-37.64
-38.04
-37.98
-37.58
-37.64
-37.48
-37.4
-37.34
-37.08
-37.06
-37.02
-36.94
-37.08
-37.02
-37.02
-37.22
-37.4
-37.18
-37.4
-37.28
-37.28
-37.06
-37.04
-37.08
-37.12
-37.22
-37.18
-37.24
-37.0
-36.98
-37.36
-37.56
-37.62
-37.9
-37.64
-38.18
-38.42
-38.28
-38.08
-38.06
-37.9
-37.84
-37.58
-37.48
-37.12
-37.26
-37.04
-37.0
-37.36
-37.62
-37.72
-37.36
-36.9
-36.76
-36.96
-36.72
-36.62
-36.52
-36.62
-36.58
-36.26
-36.4
-36.42
-36.46
-36.7
-36.92
-36.94
-36.82
-37.14
-37.02
-36.94
-36.9
-36.86
-36.82
-36.6
-36.58
-36.52
-36.66
-36.6
-36.8
-36.9
-36.78
-36.56
-36.76
-36.66
-36.64
-36.58
-36.3
-36.14
-36.22
-36.3
-36.66
-36.58
-36.52
-36.42
-36.08
-35.98
-35.96
-35.7
-35.28
-35.26
-34.88
-34.74
-34.98
-34.9
-35.02
-35.28
-35.8
-35.98
-36.16
-36.24
-36.28
-36.22
-36.14
-36.14
-36.08
-35.96
-36.14
-36.3
-36.76
-36.5
-36.8
-36.64
-36.76
-36.78
-36.96
-37.24
-36.98
-37.06
-37.0
-36.78
-36.62
-36.52
-36.46
-36.68
-36.28
-36.56
-36.48
-36.44
-36.44
-36.26
-35.92
-35.96
-35.96
-36.18
-36.0
-36.06
-35.88
-35.44
-35.38
-35.36
-35.84
